111
211
-211
9000221
310
130
221
213
113
-213
223
2212
-2212
2112
-2112
331
9010221
9000211
9000111
-9000211
333
10223
10213
10113
-10213
20213
20113
-20213
2224
2214
2114
1114
-1114
-2114
-2214
-2224
225
20223
100221
100211
100111
-100211
215
115
-215
10221
9000213
9000113
-9000213
10333
100223
20333
100331
12212
12112
-12112
-12212
9000225
100213
100113
-100213
10211
10111
-10211
9020221
2124
1214
-1214
-2124
335
22212
22112
-22112
-22212
57
59
58
-58
60
32224
32214
32114
31114
-31114
-32114
-32214
-32224
10225
2222
2122
1212
1112
-1112
-1212
-2122
-2222
9020225
9020213
9020113
-9020213
30223
32212
32112
-32112
-32212
9010213
9010113
-9010213
227
10215
10115
-10215
2216
2116
-2116
-2216
100333
12216
12116
-12116
-12216
217
117
-217
30213
30113
22124
21214
12224
12214
12114
11114
-11114
-12114
-12214
-12224
-21214
-22124
-30213
42212
42112
-42112
-42212
10331
32124
31214
-31214
-32124
9000215
9000115
-9000215
129
128
127
126
-126
-127
-128
-129
9040221
200211
200111
-200211
9030225
1133
1132
1131
1130
-1130
-1131
-1132
-1133
337
2
1
-1
-2
6
5
-5
-6
4
3
-3
-4
8
7
-7
-8
10
9
-9
-10
9040225
2226
2126
1216
1116
-1116
-1216
-2126
-2226
22222
22122
21212
21112
-21112
-21212
-22122
-22222
22224
22214
22114
21114
-21114
-22114
-22214
-22224
12226
12126
11216
11116
-11116
-11216
-12126
-12226
2228
2218
2118
1118
-1118
-2118
-2218
-2228
1137
1136
1135
1134
-1134
-1135
-1136
-1137
9000217
9000117
-9000217
9050221
1141
1140
1139
1138
12
11
-11
-12
-1138
-1139
-1140
-1141
100335
219
119
-219
229
14
13
-13
-14
16
15
-15
-16
65
62
61
18
17
-17
-18
-61
20
19
-19
-20
73
2128
1218
-1218
-2128
71
92
91
-91
-92
68
94
93
70
69
-69
-93
-94
9060225
22
21
-21
-22
72
9070225
9090225
910
99
98
97
-97
-98
-99
-910
123
23
-23
-123
96
95
-95
-96
125
124
-124
-125
321
-321
311
-311
323
-323
313
-313
3122
-3122
3222
-3222
3212
-3212
3112
-3112
10323
10313
-10313
-10323
3322
-3322
3312
-3312
3224
-3224
3214
-3214
3114
-3114
20323
20313
-20313
-20323
13122
-13122
10321
10311
-10311
-10321
100323
100313
-100313
-100323
325
-325
315
-315
9000325
9000315
-9000315
-9000325
3124
-3124
3324
-3324
3314
-3314
26
25
24
-24
-25
-26
23122
-23122
29
28
27
-27
-28
-29
9000323
9000313
-9000313
-9000323
13222
13212
13112
-13112
-13212
-13222
33122
13224
13214
13114
-13114
-13214
-13224
-33122
3334
-3334
23324
23314
13124
-13124
-23314
-23324
1143
-1143
30323
30313
-30313
-30323
32
31
30
-30
-31
-32
23222
23212
23112
-23112
-23212
-23222
35
34
33
-33
-34
-35
10325
10315
-10315
-10325
3226
3216
3116
-3116
-3216
-3226
327
317
-317
-327
43122
-43122
53122
-53122
20325
20315
-20315
-20325
3126
-3126
13324
13314
-13314
-13324
13126
-13126
38
37
36
-36
-37
-38
41
40
39
-39
-40
-41
23124
-23124
44
43
42
-42
-43
-44
13226
13216
13116
-13116
-13216
-13226
23224
23214
23114
47
46
45
-45
-46
-47
-23114
-23214
-23224
33324
33314
64
63
-63
-64
-33314
-33324
67
66
-66
-67
1142
50
49
48
-48
-49
-50
-1142
43324
43314
-43314
-43324
3228
3218
3118
-3118
-3218
-3228
329
319
-319
-329
1144
-1144
53
52
51
-51
-52
-53
56
55
54
-54
-55
-56
3128
-3128
23126
-23126
13334
-13334
1145
-1145
911
-911
