9090225
9060225
9050221
9040225
9040221
9030225
9020225
9020221
9020213
9020113
9010221
9010213
9010113
9000325
9000323
9000315
9000313
9000225
9000217
9000215
9000213
9000211
9000117
9000115
9000113
9000111
4000024
4000023
4000022
4000021
4000020
4000019
4000018
4000017
4000016
4000015
4000014
4000013
4000012
4000011
4000010
4000009
4000008
4000007
4000006
4000005
4000004
4000003
4000002
4000001
4000000
2001076
2001075
2001074
2001073
2001071
2001070
2001069
2001068
2001067
2001066
2001065
2001064
2001063
2001062
2001061
2001060
2001059
2001058
2001057
2001056
2001055
2001054
2001053
2001052
2001051
2001050
2001049
2001048
2001047
2001046
2001045
2001044
2001043
2001042
2001041
2001040
2001039
2001038
2001037
2001036
2001035
2001034
2001033
2001032
2001031
2001030
2001029
2001028
2001027
2001026
2001025
2001024
2001023
2001014
2001013
2001012
2001011
2001002
2001001
2000125
2000124
2000099
2000098
2000097
2000096
2000095
2000094
2000093
2000092
2000091
2000073
2000072
2000071
2000070
2000069
2000068
2000067
2000066
2000065
2000064
2000063
2000062
2000061
2000060
2000059
2000058
2000057
2000056
2000055
2000054
2000053
2000052
2000051
2000050
2000049
2000048
2000047
2000046
2000045
2000044
2000043
2000042
2000041
2000040
2000039
2000038
2000037
2000036
2000035
2000034
2000033
2000032
2000031
2000030
2000029
2000028
2000027
2000026
2000025
2000024
2000020
2000019
2000016
2000015
2000012
2000011
2000010
2000009
2000008
2000007
2000006
2000005
2000004
2000003
2000002
2000001
200211
200111
100335
100333
100323
100313
100223
100221
100213
100211
100113
100111
53122
43324
43314
43122
42212
42112
33324
33314
33122
32224
32214
32212
32124
32114
32112
31214
31114
30323
30313
30223
30213
30113
23324
23314
23224
23222
23214
23212
23126
23124
23122
23114
23112
22224
22222
22214
22212
22124
22122
22114
22112
21214
21212
21114
21112
20333
20325
20323
20315
20313
20223
20213
20113
13334
13324
13314
13226
13224
13222
13216
13214
13212
13126
13124
13122
13116
13114
13112
12226
12224
12216
12214
12212
12126
12116
12114
12112
11216
11116
11114
10333
10331
10325
10323
10321
10315
10313
10311
10225
10223
10221
10215
10213
10211
10115
10113
10111
3334
3324
3322
3314
3312
3228
3226
3224
3222
3218
3216
3214
3212
3128
3126
3124
3122
3118
3116
3114
3112
2248
2247
2246
2245
2244
2243
2242
2241
2240
2239
2238
2237
2236
2235
2234
2233
2232
2231
2230
2229
2228
2226
2224
2222
2218
2216
2214
2212
2128
2126
2124
2122
2118
2116
2114
2112
1218
1216
1214
1212
1145
1144
1143
1142
1141
1140
1139
1138
1137
1136
1135
1134
1133
1132
1131
1130
1118
1116
1114
1112
911
910
337
335
333
331
329
327
325
323
321
319
317
315
313
311
229
227
225
223
221
219
217
215
213
211
119
117
115
113
111
-211
-213
-215
-217
-219
-311
-313
-315
-317
-319
-321
-323
-325
-327
-329
-910
-911
-1112
-1114
-1116
-1118
-1130
-1131
-1132
-1133
-1134
-1135
-1136
-1137
-1138
-1139
-1140
-1141
-1142
-1143
-1144
-1145
-1212
-1214
-1216
-1218
-2112
-2114
-2116
-2118
-2122
-2124
-2126
-2128
-2212
-2214
-2216
-2218
-2222
-2224
-2226
-2228
-2229
-2230
-2231
-2232
-2233
-2234
-2235
-2236
-2237
-2238
-2239
-2240
-2241
-2242
-2243
-2244
-2245
-2246
-2247
-2248
-3112
-3114
-3116
-3118
-3122
-3124
-3126
-3128
-3212
-3214
-3216
-3218
-3222
-3224
-3226
-3228
-3312
-3314
-3322
-3324
-3334
-10211
-10213
-10215
-10311
-10313
-10315
-10321
-10323
-10325
-11114
-11116
-11216
-12112
-12114
-12116
-12126
-12212
-12214
-12216
-12224
-12226
-13112
-13114
-13116
-13122
-13124
-13126
-13212
-13214
-13216
-13222
-13224
-13226
-13314
-13324
-13334
-20213
-20313
-20315
-20323
-20325
-21112
-21114
-21212
-21214
-22112
-22114
-22122
-22124
-22212
-22214
-22222
-22224
-23112
-23114
-23122
-23124
-23126
-23212
-23214
-23222
-23224
-23314
-23324
-30213
-30313
-30323
-31114
-31214
-32112
-32114
-32124
-32212
-32214
-32224
-33122
-33314
-33324
-42112
-42212
-43122
-43314
-43324
-53122
-100211
-100213
-100313
-100323
-200211
-2000001
-2000002
-2000003
-2000004
-2000005
-2000006
-2000007
-2000008
-2000009
-2000010
-2000011
-2000012
-2000015
-2000016
-2000019
-2000020
-2000024
-2000025
-2000026
-2000027
-2000028
-2000029
-2000030
-2000031
-2000032
-2000033
-2000034
-2000035
-2000036
-2000037
-2000038
-2000039
-2000040
-2000041
-2000042
-2000043
-2000044
-2000045
-2000046
-2000047
-2000048
-2000049
-2000050
-2000051
-2000052
-2000053
-2000054
-2000055
-2000056
-2000058
-2000061
-2000063
-2000064
-2000066
-2000067
-2000069
-2000091
-2000092
-2000093
-2000094
-2000095
-2000096
-2000097
-2000098
-2000099
-2000124
-2000125
-2001001
-2001011
-2001012
-2001013
-2001014
-2001023
-2001024
-2001025
-2001026
-2001027
-2001028
-2001029
-2001030
-2001031
-2001032
-2001033
-2001034
-2001035
-2001036
-2001037
-2001038
-2001039
-2001040
-2001041
-2001042
-2001043
-2001044
-2001045
-2001046
-2001047
-2001048
-2001049
-2001050
-2001051
-2001052
-2001053
-2001054
-2001055
-2001056
-2001057
-2001058
-2001059
-2001060
-2001062
-2001064
-2001066
-2001067
-2001068
-4000001
-4000002
-4000003
-4000007
-4000009
-4000010
-4000011
-4000012
-4000013
-4000015
-4000016
-4000018
-4000019
-4000020
-4000021
-4000022
-4000023
-4000024
-9000211
-9000213
-9000215
-9000217
-9000313
-9000315
-9000323
-9000325
-9010213
-9020213