211
111
-211
321
-321
311
-311
221
9221
213
113
-213
223
323
-323
313
-313
2212
-2212
2112
-2112
331
10221
10211
10111
-10211
333
3122
-3122
10223
3222
-3222
3212
-3212
3112
-3112
10213
10113
-10213
2224
-2224
2214
-2214
2114
-2114
1114
-1114
20213
20113
-20213
10323
-10323
10313
-10313
225
20223
20221
20211
20111
-20211
3322
-3322
3312
-3312
215
115
-215
3224
-3224
3214
-3214
3114
-3114
30221
20323
-20323
20313
-20313
13122
-13122
30323
-30323
30313
-30313
40221
50223
30223
10321
-10321
10311
-10311
325
-325
315
-315
12212
-12212
12112
-12112
40213
40113
-40213
50221
3124
-3124
2124
-2124
1214
-1214
335
3324
-3324
3314
-3314
22212
-22212
22112
-22112
32224
-32224
32214
-32214
32114
-32114
31114
-31114
23122
-23122
2222
-2222
2122
-2122
1212
-1212
1112
-1112
60223
32212
-32212
32112
-32112
3334
-3334
