750
0.0003891865	0.000080974	0.0094032096	0.31053978111437064
0.0004326192	0.0000908028	0.0102631781	0.3171945695753732
0.000479651	0.0001015181	0.0111763293	0.32378432194812556
0.0005304935	0.0001131739	0.0121446686	0.3303801971218644
0.0005853683	0.0001258265	0.0131702745	0.33696141462881596
0.0006445075	0.0001395343	0.0142553049	0.34352668970680633
0.0007081545	0.0001543577	0.0154020023	0.35007482444043114
0.0007765643	0.0001703596	0.0166127	0.35660464160236616
0.0008500049	0.0001876052	0.0178898288	0.3631150064516402
0.0009287572	0.0002061622	0.0192359226	0.3696048688967982
0.0010131166	0.0002261009	0.0206536257	0.37607319062156125
0.0011033934	0.0002474943	0.0221456996	0.3825190049336595
0.0011999138	0.0002704181	0.0237150297	0.388941408560626
0.0013030208	0.0002949511	0.0253646332	0.395339529858942
0.0014130755	0.0003211752	0.0270976666	0.40171256647097875
0.0015304579	0.0003491753	0.0289174337	0.4080597657190636
0.0016555679	0.0003790401	0.0308273943	0.41438042524087565
0.0017888272	0.0004108614	0.0328311724	0.42067391289457856
0.0019306795	0.000444735	0.034932566	0.42693963392639106
0.002081593	0.0004807604	0.0371355558	0.43317707233550873
0.0022420608	0.0005190413	0.0394443162	0.4393857463783225
0.0024126032	0.0005596857	0.041863224	0.4455652732521825
0.0025937687	0.000602806	0.0443968711	0.4517152695477936
0.0027861361	0.0006485193	0.0470500746	0.4578354603055037
0.0029903161	0.0006969477	0.0498278888	0.46392561246999686
0.0032069529	0.0007482184	0.0527356176	0.4699855493766329
0.0034367268	0.0008024641	0.0557788275	0.47601515213152423
0.0036803556	0.0008598232	0.0589633608	0.4820143670524446
0.0039385973	0.00092044	0.0622953496	0.48798319516419986
0.0042122521	0.0009844652	0.0657812306	0.49392169078808545
0.0045021648	0.001052056	0.0694277603	0.4998299711814552
0.0048092279	0.0011233766	0.0732420304	0.5057082139000809
0.0051343833	0.0011985984	0.0772314851	0.5115566371300073
0.0054786263	0.0012779006	0.0814039377	0.5173755280951138
0.0058430074	0.00136147	0.0857675889	0.5231652176145974
0.0062286365	0.0014495023	0.0903310452	0.5289260934700891
0.0066366854	0.0015422017	0.0951033385	0.5346585879949446
0.0070683916	0.0016397818	0.1000939463	0.5403631848442371
0.0075250618	0.0017424657	0.1053128122	0.5460404175271997
0.0080080758	0.001850487	0.1107703683	0.5516908533802541
0.0085188905	0.0019640896	0.1164775573	0.5573151120482008
0.0090590438	0.0020835291	0.1224458559	0.5629138505530203
0.0096301591	0.0022090724	0.128687299	0.5684877623235335
0.01023395	0.0023409989	0.135214505	0.5740375745498753
0.0108722249	0.002479601	0.1420407013	0.5795640529336223
0.0115468918	0.0026251846	0.1491797512	0.5850679899600159
0.0122599638	0.0027780697	0.1566461815	0.5905502063783165
0.0130135643	0.0029385912	0.164455211	0.5960115475037774
0.0138099328	0.0031070996	0.1726227799	0.6014528821310492
0.0146514306	0.0032839618	0.1811655796	0.6068751019252175
0.0155405468	0.0034695616	0.1901010841	0.6122791102430977
0.0164799049	0.0036643009	0.199447582	0.617665826229711
0.0174722692	0.0038686001	0.2092242089	0.6230361836161871
0.0185205517	0.0040828994	0.2194509812	0.6283911220189085
0.0196278193	0.0043076591	0.2301488305	0.6337315874125824
0.0207973008	0.0045433613	0.241339639	0.6390585288604841
0.0220323949	0.0047905103	0.2530462752	0.6443728988689378
0.0233366777	0.0050496338	0.2652926309	0.6496756450848755
0.0247139114	0.0053212838	0.2781036591	0.6549677104801543
0.0261680519	0.005606038	0.2915054118	0.6602500350730336
0.0277032582	0.0059045005	0.3055250794	0.6655235463084221
0.0293239009	0.0062173035	0.3201910305	0.6707891610297996
0.0310345716	0.0065451079	0.3355328523	0.6760477838192989
0.0328400925	0.0068886048	0.3515813914	0.6813003047858769
0.0347455258	0.0072485169	0.3683687959	0.6865475939659756
0.0367561844	0.0076255998	0.3859285578	0.6917905042749872
0.0388776413	0.0080206431	0.4042955551	0.6970298710619863
0.0411157412	0.008434472	0.4235060959	0.7022665029813191
0.0434766105	0.008867949	0.4435979623	0.7075011882444052
0.0459666692	0.0093219748	0.4646104538	0.7127346934767885
0.0485926416	0.0097974904	0.4865844331	0.7179677551186932
0.0513615686	0.0102954783	0.5095623706	0.7232010879569191
0.0542808191	0.0108169644	0.5335883897	0.7284353793301162
0.0573581028	0.0113630197	0.558708313	0.7336712881457096
0.0606014823	0.0119347615	0.5849697078	0.7389094478057141
0.0640193856	0.012533356	0.6124219326	0.7441504627952853
0.0676206197	0.0131600193	0.6411161831	0.7493949105461319
0.0714143835	0.01381602	0.6711055393	0.754643339362587
0.075410281	0.0145026804	0.7024450111	0.7598962721751077
0.0796183356	0.015221379	0.735191586	0.7651542012712476
0.0840490035	0.0159735522	0.7694042746	0.7704175946129819
0.0887131882	0.0167606966	0.8051441583	0.7756868901547934
0.0936222548	0.0175843706	0.8424744347	0.7809625023992004
0.0987880445	0.0184461973	0.8814604647	0.7862448172978661
0.1042228897	0.0193478659	0.9221698184	0.7915341965732376
0.1099396288	0.0202911346	0.9646723211	0.7968309768640964
0.1159516212	0.0212778323	1.009040099	0.8021354708647568
0.1222727632	0.0223098613	1.0553476244	0.8074479678716975
0.1289175034	0.0233891997	1.1036717613	0.8127687333781425
0.1359008582	0.0245179034	1.15409181	0.8180980118309634
0.143238428	0.0256981091	1.206689551	0.8234360272239388
0.1509464133	0.0269320364	1.2615492889	0.8287829825374816
0.1590416307	0.0282219906	1.3187578963	0.8341390605127211
0.1675415295	0.0295703649	1.3784048564	0.8395044262581736
0.1764642082	0.0309796437	1.4405823048	0.8448792272623411
0.1858284309	0.0324524046	1.505385072	0.8502635929462213
0.1956536443	0.0339913214	1.5729107237	0.8556576377785095
0.2059599945	0.035599167	1.6432596018	0.8610614597550993
0.2167683439	0.037278816	1.716534864	0.866475143101298
0.2281002884	0.0390332474	1.7928425221	0.8718987586126681
0.2399781742	0.040865548	1.8722914814	0.8773323626936014
0.2524251155	0.0427789147	1.9549935774	0.8827760009188896
0.2654650114	0.0447766577	2.0410636125	0.8882297068932373
0.2791225633	0.0468622037	2.1306193922	0.8936935031428044
0.2934232924	0.0490390986	2.2237817598	0.8991674025842562
0.3083935571	0.0513110106	2.3206746304	0.904651408568443
0.3240605703	0.0536817335	2.4214250245	0.9101455153191611
0.3404524169	0.0561551898	2.5261631	0.9156497092770178
0.3575980717	0.0587354333	2.6350221836	0.9211639691258275
0.3755274163	0.0614266532	2.7481388013	0.9266882664141178
0.3942712567	0.0642331765	2.8656527079	0.9322225662760031
0.4138613415	0.0671594719	2.9877069151	0.9377668281249479
0.4343303781	0.0702101524	3.1144477191	0.9433210054793758
0.4557120514	0.0733899792	3.2460247276	0.948885046699578
0.4780410403	0.0767038647	3.3825908842	0.9544588961876526
0.5013530355	0.080156876	3.5243024938	0.9600424933573262
0.5256847568	0.0837542379	3.6713192452	0.9656357744815375
0.55107397	0.087501337	3.8238042338	0.9712386719941597
0.5775595046	0.0914037244	3.9819239827	0.9768511154158559
0.6051812705	0.0954671197	4.1458484629	0.9824730314955012
0.6339802752	0.0996974139	4.3157511123	0.9881043445005409
0.6639986407	0.1041006734	4.4918088542	0.9937449763866337
0.6952796203	0.1086831432	4.6742021136	0.9993948475555154
0.7278676157	0.1134512506	4.8631148338	1.0050538763168326
0.7618081931	0.1184116083	5.0587344909	1.0107219799971423
0.7971481001	0.1235710186	5.261252107	1.0163990747446743
0.8339352821	0.1289364764	5.4708622641	1.0220850751300639
0.8722188983	0.1345151731	5.687763115	1.02777989554982
0.9120493382	0.1403144999	5.9121563936	1.033483449630265
0.9534782376	0.1463420515	6.1442474254	1.0391956502417816
0.9965584943	0.15260563	6.3842451347	1.0449164104474555
1.0413442838	0.1591132479	6.6323620534	1.0506456425862636
1.0878910751	0.1658731322	6.8888143259	1.0563832595937603
1.1362556461	0.1728937279	7.1538217157	1.062129532834169
1.1864956684	0.1801837014	7.4276052707	1.0679560833645638
1.2385829666	0.1877517985	7.7099176492	1.0741859419990452
1.2923170612	0.1956059863	7.9995862769	1.081103307894471
1.3475079376	0.2037530551	8.2955133302	1.088522493249387
1.4039975479	0.2121987941	8.5967890532	1.0963293097834048
1.4616549157	0.2209481641	8.9026617976	1.104446302137844
1.5203719975	0.2300054426	9.2125128425	1.1128124247616484
1.5800601807	0.2393743458	9.5258352174	1.1213786579130811
1.6406473177	0.2490581316	9.8422158817	1.1301050104727925
1.7020752142	0.2590596849	10.1613207211	1.1389584233262862
1.764297499	0.2693815912	10.4828819083	1.1479112712282573
1.8272778179	0.2800261963	10.8066872522	1.156940269736862
1.8909883005	0.2909956581	11.1325712175	1.166025662944994
1.9554082592	0.3022919891	11.4604073516	1.1751506070956779
2.0205230835	0.313917092	11.7901018962	1.18430069498193
2.086323301	0.3258727899	12.1215883969	1.1934635821240638
2.1528037795	0.3381608513	12.4548231543	1.2026286874015455
2.2199630481	0.3507830106	12.7897813865	1.2117869492381885
2.2878027206	0.3637409854	13.1264539899	1.2209306249037357
2.3563270048	0.3770364912	13.4648448075	1.2300531214009647
2.4255422857	0.3906712525	13.8049683242	1.2391488526014858
2.4954567706	0.404647013	14.1468477251	1.2482131158893441
2.566080188	0.4189655433	14.4905132584	1.2572419861154203
2.6374235309	0.4336286469	14.8360008587	1.2662322218299036
2.7094988398	0.4486381658	15.1833509882	1.2751811840848504
2.7823190174	0.4639959843	15.5326076639	1.284086763764034
2.8558976725	0.4797040322	15.8838176415	1.2929473175046327
2.9302489867	0.495764287	16.2370297329	1.301761610483595
3.0053876021	0.5121787758	16.5922942351	1.310528766044052
3.0813285263	0.5289495767	16.9496624554	1.3192482197224416
3.1580870526	0.5460788192	17.3091863169	1.327919679156857
3.2356786916	0.5635686852	17.6709180318	1.3365430880067333
3.3141191153	0.5814214087	18.0349098331	1.345118593385955
3.3934241091	0.5996392756	18.4012137546	1.3536465175046426
3.4736095324	0.6182246241	18.769881452	1.3621273319024487
3.5546912856	0.6371798435	19.1409640596	1.3705616345292264
3.6366852825	0.656507374	19.5145120749	1.3789501301192402
3.7196074285	0.676209706	19.8905752694	1.3872936115427392
3.8034736021	0.6962893793	20.2692026188	1.3955929447159985
3.88829964	0.7167489821	20.6504422516	1.4038490541021147
3.9741013258	0.7375911503	21.0343414113	1.4120629108617875
4.0608943803	0.7588185668	21.4209464318	1.4202355215011693
4.1486944549	0.7804339603	21.8103027221	1.4283679190512022
4.2375171261	0.8024401042	22.2024547593	1.4364611545984802
4.3273778921	0.8248398162	22.5974460892	1.4445162898600041
4.4182921699	0.847635957	22.9953193318	1.4525343914707944
4.5102752946	0.8708314295	23.3961161916	1.4605165252690622
4.6033425185	0.8944291776	23.7998774722	1.46846375168914
4.6975090116	0.9184321859	24.2066430925	1.4763771223918565
4.7927898626	0.9428434782	24.6164521067	1.4842576761699986
4.8892000803	0.9676661173	25.0293427248	1.4921064368801629
4.9867545955	0.9929032034	25.4453523355	1.4999244105778087
5.085468263	1.0185578738	25.8645175289	1.5077125841540564
5.1853558645	1.0446333022	26.2868741211	1.515471923146341
5.2864321108	1.0711326976	26.712457178	1.523203371199192
5.3887116451	1.0980593035	27.1413010401	1.530907848630483
5.4922090454	1.1254163978	27.5734393465	1.5385862520824571
5.596938828	1.1532072914	28.0089050597	1.5462394535709376
5.7029154505	1.1814353278	28.4477304891	1.5538683008112666
5.8101533147	1.2101038828	28.8899473146	1.5614736165431773
5.9186667696	1.2392163633	29.3355866101	1.56905619856662
6.028470115	1.268776207	29.7846788656	1.576616820320711
6.1395776043	1.298786882	30.2372540092	1.58415623057716
6.2520034471	1.3292518858	30.6933414289	1.591675153722269
6.365761813	1.3601747452	31.152969993	1.5991742905108826
6.4808668339	1.3915590156	31.6161680704	1.6066543180987238
6.597332607	1.4234082805	32.08296355	1.6141158907605457
6.7151731977	1.455726151	32.5533838593	1.6215596402849963
6.8344026422	1.4885162655	33.027455983	1.6289861762608826
6.9550349504	1.5217822891	33.5052064802	1.6363960871454915
7.077084108	1.5555279133	33.9866615011	1.6437899404706897
7.2005640794	1.5897568555	34.4718468038	1.6511682833029073
7.3254888101	1.6244728588	34.9607877692	1.6585316433562984
7.4518722288	1.6596796913	35.4535094168	1.6658805288342309
7.5797282499	1.6953811461	35.9500364185	1.6732154299265631
7.7090707754	1.7315810407	36.4503931125	1.6805368186469423
7.8399136976	1.7682832169	36.9546035173	1.6878451495070526
7.9722709004	1.8054915402	37.4626913435	1.6951408607885392
8.1061562619	1.8432098999	37.9746800068	1.7024243740865765
8.241583656	1.8814422082	38.4905926395	1.7096960956374032
8.3785669541	1.9201924008	39.0104521018	1.7169564165994706
8.5171200274	1.9594644356	39.5342809925	1.724205713626485
8.6572567481	1.9992622933	40.0621016596	1.7314443492052005
8.7989909913	2.0395899769	40.5939362103	1.7386726724075467
8.9423366364	2.080451511	41.1298065202	1.745891019458236
9.0873075689	2.1218509424	41.6697342427	1.7530997139065074
9.2339176816	2.1637923391	42.2137408176	1.7602990672677055
9.3821808764	2.2062797907	42.76184748	1.7674893793667497
9.532111065	2.2493174078	43.3140752674	1.7746709392298072
9.6837221709	2.2929093219	43.8704450286	1.781844024581308
9.8370281304	2.3370596854	44.43097743	1.789008903464483
9.9920428938	2.3817726711	44.9956929634	1.7961658335058353
10.1487804264	2.4270524725	45.5646119525	1.803315062966521
10.3072547101	2.4729033029	46.1377545598	1.8104568308438387
10.4674797441	2.5193293961	46.7151407921	1.8175913676419462
10.6294695458	2.5663350057	47.2967905072	1.8247188949315603
10.7932381525	2.6139244049	47.8827234194	1.83183962639421
10.9587996217	2.6621018868	48.4729591049	1.838953767887954
11.1261680322	2.7108717638	49.0675170072	1.846061517655869
11.2953574852	2.760238368	49.6664164422	1.853163066764603
11.4663821049	2.8102060503	50.2696766028	1.860258599364586
11.6392560397	2.8607791811	50.8773165641	1.8673482927603642
11.8139934624	2.9119621497	51.4893552871	1.8744323182160738
11.9906085718	2.9637593642	52.1058116236	1.8815108403862153
12.1691155925	3.0161752517	52.7267043203	1.8885840182110267
12.3495287766	3.0692142579	53.3520520222	1.8956520051158312
12.5318624034	3.1228808469	53.981873277	1.9027149487144017
12.7161307809	3.1771795018	54.6161865384	1.9097729916306623
12.902348246	3.2321147235	55.2550101696	1.916826271358599
13.0905291653	3.2876910316	55.8983624468	1.9238749204807126
13.2806879353	3.343912964	56.5462615623	1.9309190669973542
13.4728389837	3.4007850764	57.1987256276	1.937958834397731
13.6669967693	3.4583119429	57.8557726764	1.9449943418548032
13.8631757828	3.5164981554	58.5174206674	1.9520257044388571
14.0613905473	3.5753483238	59.183687487	1.9590530332146092
14.2616556187	3.6348670759	59.8545909521	1.9660764353894788
14.4639855865	3.6950590572	60.5301488123	1.973096014610518
14.6683950737	3.7559289309	61.2103787527	1.980111870767023
14.8748987377	3.817481378	61.8952983961	1.987124100559249
15.0835112706	3.8797210968	62.5849253048	1.994132797458675
15.2942473995	3.9426528035	63.2792769836	2.001138051435135
15.5071218872	4.0062812315	63.9783708811	2.0081399498672603
15.7221495322	4.0706111318	64.6822243921	2.015138576929267
15.9393451692	4.1356472726	65.3908548594	2.022134014133487
16.1587236697	4.2013944396	66.1042795755	2.0291263402882604
16.3802999419	4.2678574356	66.8225157847	2.0361156314967213
16.6040889314	4.3350410807	67.5455806844	2.043101961523751
16.8301056216	4.4029502123	68.2734914272	2.050085401577169
17.0583650334	4.4715896846	69.0062651218	2.057066020782436
17.2888822263	4.5409643692	69.7439188354	2.064043885685347
17.521672298	4.6110791546	70.4864695942	2.0710190611584114
17.7567503851	4.6819389464	71.2339343855	2.07799160953544
17.9941316632	4.753548667	71.986330159	2.084961591395546
18.2338313473	4.825913256	72.7436738275	2.0919290655611777
18.4758646919	4.8990376696	73.5059822689	2.098894088647713
18.7202469912	4.9729268811	74.2732723269	2.105856715776278
18.9669935796	5.0475858804	75.0455608125	2.1128170002058964
19.2161198316	5.1230196744	75.8228645047	2.119774993737192
19.4676411622	5.1992332867	76.6052001519	2.1267307463284353
19.7215730272	5.2762317576	77.3925844731	2.1336843065006335
19.9779309231	5.3540201441	78.1850341582	2.140635721489099
20.2367303878	5.4326035199	78.9825658699	2.1475850367465448
20.497987	5.5119869754	79.7851962436	2.1545322967862175
20.7617163803	5.5921756175	80.5929418893	2.161477544314043
21.0279341907	5.6731745698	81.4058193917	2.168420821169407
21.296656135	5.7549889724	82.2238453115	2.1753621677133452
21.5678979592	5.8376239821	83.0470361858	2.1823016232889136
21.8416754512	5.921084772	83.8754085293	2.1892392259167908
22.1180044413	6.0053765318	84.7089788346	2.1961750126878994
22.3969008022	6.0905044678	85.5477635734	2.2031090194276803
22.6783804491	6.1764738026	86.3917791967	2.2100412811671353
22.9624593402	6.2632897753	87.2410421358	2.21697183172666
23.2491534763	6.3509576414	88.0955688029	2.2239007040673915
23.5384789014	6.4394826729	88.9553755915	2.2308279302890126
23.8304517024	6.5288701581	89.8204788772	2.237753541444027
24.1250880096	6.6191254016	90.6908950184	2.2446775677496387
24.4224039967	6.7102537245	91.5666403565	2.2516000387276778
24.7224158807	6.8022604642	92.4477312167	2.25852098294469
25.0251399224	6.8951509743	93.3341839084	2.265440428233955
25.3305924262	6.9889306247	94.2260147259	2.272358401637123
25.6387897404	7.0836048018	95.1232399485	2.279274929612718
25.9497482571	7.1791789082	96.0258758413	2.2861900376973834
26.2634844124	7.2756583625	96.9339386557	2.29310375082168
26.5800146866	7.3730485999	97.8474446295	2.300016093412039
26.8993556041	7.4713550716	98.7664099874	2.306927089085577
27.2215237337	7.570583245	99.6908509419	2.3138367607605526
27.5465356885	7.670738604	100.6207836929	2.320745131078625
27.874408126	7.7718266484	101.5562244287	2.3276522217869684
28.2051577485	7.8738528943	102.497189326	2.334558054249478
28.5388013025	7.9768228739	103.4436945506	2.341462649128828
28.8753555796	8.0807421355	104.3957562575	2.348366026760826
29.2148374159	8.1856162439	105.353390591	2.355268206949175
29.5572636924	8.2914507796	106.3166136856	2.36216920877888
29.9026513352	8.3982513396	107.2854416659	2.369069051077534
30.251017315	8.5060235366	108.2598906471	2.375967752146727
30.6023786479	8.6147729999	109.2399767349	2.382865329930311
30.956752395	8.7245053745	110.2257160264	2.389761801690933
31.3141556625	8.8352263217	111.2171246099	2.396657184551661
31.6746056017	8.9469415189	112.2142185652	2.4035514951163437
32.0381194096	9.0596566593	113.2170139641	2.410444749507464
32.4047143282	9.1733774526	114.2255268705	2.417336963602785
32.774407645	9.2881096243	115.2397733404	2.424228152900037
33.1472166929	9.4038589158	116.2597694227	2.4311183323410335
33.5231588503	9.520631085	117.2855311589	2.438007516786809
33.9022515413	9.6384319054	118.3170745835	2.4448957206408397
34.2845122355	9.7572671667	119.3544157241	2.4517829579725903
34.669958448	9.8771426748	120.397570602	2.4586692424636998
35.0586077398	9.9980642512	121.4465552317	2.4655545877003897
35.4504777175	10.1200377338	122.5013856219	2.472439006647942
35.8455860337	10.2430689764	123.562077775	2.4793225123351172
36.2439503865	10.3671638486	124.6286476875	2.4862051172772723
36.6455885201	10.4923282363	125.7011113505	2.4930868336875402
37.0505182245	10.6185680412	126.7794847493	2.499967673742819
37.4587573357	10.745889181	127.8637838639	2.5068476491233467
37.8703237355	10.8742975895	128.9540246693	2.5137267713232156
38.2852353519	11.0037992163	130.0502231351	2.5206050517572645
38.703510159	11.134400027	131.1523952262	2.527482501339602
39.1251661767	11.2661060033	132.2605569027	2.5343591309223834
39.5502214712	11.3989231426	133.37472412	2.541234951078718
39.9786941549	11.5328574587	134.4949128292	2.5481099721151756
40.4106023863	11.6679149808	135.6211389768	2.5549842042953195
40.84596437	11.8041017544	136.7534185051	2.5618576575144885
41.2847983571	11.9414238409	137.8917673523	2.568730341504923
41.7271226446	12.0798873175	139.0362014526	2.5756022658290467
42.1729555761	12.2194982775	140.1867367362	2.582473439839063
42.6223155414	12.36026283	141.3433891298	2.589343872641547
43.0752209767	12.5021871001	142.506174556	2.596213573391486
43.5316903644	12.6452772288	143.6751089341	2.6030825507624695
43.9917422335	12.789539373	144.8502081798	2.6099508134639633
44.4553951593	12.9349797054	146.0314882055	2.61681836994617
44.9226677636	13.0816044149	147.2189649202	2.6236852285651855
45.3935787146	13.2294197061	148.4126542298	2.6305513974421397
45.8681467271	13.3784317996	149.612572037	2.6374168846094137
46.3463905622	13.5286469317	150.8187342416	2.6442816978873998
46.8283290278	13.6800713548	152.0311567403	2.651145845056142
47.3139809782	13.8327113372	153.249855427	2.6580093336452513
47.8033653141	13.986573163	154.4748461928	2.6648721710614423
48.2965009832	14.1416631322	155.7061449263	2.6717343645874823
48.7934069794	14.2979875608	156.943767513	2.6785959215279327
49.2941023435	14.4555527805	158.1877298363	2.685456848710474
49.7986061628	14.614365139	159.4380477769	2.6923171531877497
50.3069375714	14.7744309999	160.694737213	2.6991768417498845
50.8191157498	14.9357567426	161.9578140205	2.7060359209986853
51.3351599254	15.0983487624	163.2272940732	2.7128943974685438
51.8550893724	15.2622134704	164.5031932423	2.719752277707812
52.3789234116	15.4273572938	165.7855273972	2.726609567932641
52.9066814104	15.5937866755	167.0743124047	2.733466274506594
53.4383827833	15.7615080742	168.3695641301	2.7403224033288813
53.9740469911	15.9305279646	169.6712984363	2.747177960601179
54.5136935419	16.1008528372	170.9795311844	2.7540329521677203
55.0573419902	16.2724891984	172.2942782334	2.7608873838792074
55.6050119375	16.4454435704	173.6155554408	2.7677412613362797
56.1567230321	16.6197224913	174.943378662	2.774594590291395
56.712494969	16.795332515	176.2777637508	2.7814473762165353
57.2723474903	16.9722802114	177.6187265591	2.7882996246191594
57.8363003847	17.150572166	178.9662829373	2.7951513407812496
58.4043734879	17.3302149804	180.3204487341	2.802002529989405
58.9765866825	17.5112152719	181.6812397968	2.8088531973911457
59.552959898	17.6935796737	183.0486719709	2.8157033482144467
60.1335131106	17.8773148348	184.4227611004	2.822552987419031
60.7182663438	18.0624274202	185.8035230281	2.829402119872814
61.3072396675	18.2489241104	187.1909735952	2.836250750543452
61.9004531991	18.4368116022	188.5851286415	2.843098884225044
62.4979271025	18.6260966078	189.9860040054	2.849946525640048
63.0996815887	18.8167858556	191.3936155241	2.8567936793906226
63.7057369158	19.0088860895	192.8079790335	2.8636403500670506
64.3161133888	19.2024040696	194.2291103683	2.8704865422057257
64.9308313594	19.3973465715	195.6570253617	2.877332260324756
65.5499112267	19.5937203868	197.091739846	2.8841775086712507
66.1733734365	19.791532323	198.5332696523	2.8910222916142754
66.8012384818	19.9907892032	199.9816306105	2.897866613448647
67.4335269024	20.1914978665	201.4368385493	2.904710478357214
68.0702592854	20.3936651679	202.8989092966	2.9115538904102065
68.7114562647	20.597297978	204.3678586789	2.9183968537786544
69.3571385213	20.8024031834	205.8437025221	2.925239372344718
70.0073267832	21.0089876865	207.3264566507	2.932081450220995
70.6620418255	21.2170584054	208.8161368885	2.9389230911941002
71.3213044705	21.4266222742	210.3127590582	2.945764299192672
71.9851355871	21.6376862428	211.8163389816	2.952605077975087
72.6535560918	21.8502572767	213.3268924797	2.9594454312507885
73.3265869479	22.0643423575	214.8444353726	2.9662853627671044
74.0042491658	22.2799484825	216.3689834793	2.9731248762080824
74.686563803	22.4970826648	217.9005526183	2.979963975028207
75.373551964	22.7157519334	219.4391586072	2.9868026628649296
76.0652348007	22.9359633329	220.9848172626	2.9936409432617306
76.7616335118	23.1577239241	222.5375444005	3.0004788195909495
77.4627693431	23.3810407832	224.0973558361	3.0073162952678323
78.1686635878	23.6059210024	225.664267384	3.0141533736390245
78.8793375858	23.8323716899	227.2382948578	3.0209900581099194
79.5948127246	24.0603999694	228.8194540706	3.0278263518555764
80.3151104384	24.2900129806	230.4077608348	3.0346622581492593
81.0402522089	24.5212178788	232.003230962	3.041497780207161
81.7702595645	24.7540218355	233.6058802633	3.048332921118964
82.5051540812	24.9884320377	235.2157245491	3.0551676840422997
83.2449573819	25.2244556882	236.8327796291	3.0620020720711985
83.9896911366	25.4621000058	238.4570613124	3.068836088184331
84.7393770626	25.701372225	240.0885854078	3.0756697353283724
85.4940369243	25.9422795961	241.7273677231	3.082503016618945
86.2536925332	26.1848293851	243.3734240657	3.0893359348581058
87.0183657482	26.4290288741	245.0267702426	3.0961684929251927
87.788078475	26.6748853608	246.68742206	3.1030006937469485
88.5628526668	26.9224061587	248.3553953238	3.1098325400605527
89.3427103239	27.1715985972	250.0307058392	3.1166640347198986
90.1276734935	27.4224700214	251.713369411	3.1234951804068074
90.9177642705	27.6750277923	253.4034018436	3.130325979858249
91.7130047965	27.9292792867	255.1008189406	3.1371564358300335
92.5134172605	28.185231897	256.8056365055	3.1439865508471634
93.3190238989	28.4428930318	258.5178703411	3.150816327642063
94.1298469949	28.7022701151	260.2375362498	3.1576457687337536
94.9459088791	28.9633705869	261.9646500338	3.164474876667411
95.7672319293	29.226201903	263.6992274944	3.1713036541058406
96.5938385706	29.490771535	265.4412844329	3.178132103373286
97.4257512751	29.7570869703	267.1908366501	3.1849602270377955
98.2629925623	30.025155712	268.9478999462	3.191788027569353
99.1055849988	30.2949852792	270.7124901213	3.1986155073094134
99.9535511984	30.5665832065	272.4846229748	3.2054426687328723
100.8069138223	30.8399570446	274.2643143061	3.212269514076617
101.6656955787	31.1151143599	276.051579914	3.2190960457982705
102.5299192232	31.3920627345	277.8464355969	3.22592226619996
103.3996075585	31.6708097664	279.6488971529	3.232748177511535
104.2747834346	31.9513630693	281.45898038	3.2395737819481987
105.1554697487	32.2337302729	283.2767010756	3.2463990818712123
106.0416894453	32.5179190226	285.1020750367	3.2532240794531675
106.933465516	32.8039369794	286.9351180603	3.260048776787857
107.8308209998	33.0917918203	288.7758459429	3.266873176144454
108.7337789829	33.3814912381	290.6242744806	3.2736972796415054
109.6423625986	33.6730429414	292.4804194695	3.2805210893265446
110.5565950277	33.9664546545	294.3442967051	3.287344607401155
111.476499498	34.2617341175	296.2159219828	3.294167835852557
112.4020992848	34.5588890864	298.0953110977	3.3009907767710143
113.3334177103	34.8579273329	299.9824798445	3.307813432192403
114.2704781443	35.1588566446	301.8774440179	3.3146358040546886
115.2133040037	35.4616848247	303.7802194121	3.3214578944420987
116.1619187527	35.7664196924	305.6908218211	3.328279705291422
117.1163459026	36.0730690826	307.6092670386	3.335101238522922
118.0766090123	36.381640846	309.5355708584	3.3419224960027085
119.0427316877	36.6921428491	311.4697490736	3.34874347979248
120.0147375819	37.0045829742	313.4118174773	3.3555641916740164
120.9926503955	37.3189691194	315.3617918623	3.3623846335264727
121.9764938762	37.6353091985	317.3196880214	3.369204807168708
122.9662918191	37.9536111413	319.2855217468	3.376024714523763
123.9620680664	38.2738828932	321.2593088309	3.3828443572861246
124.9638465078	38.5961324153	323.2410650655	3.389663737373726
125.97165108	38.9203676849	325.2308062425	3.3964828564567195
126.9855057672	39.2465966947	327.2285481534	3.4033017163717534
128.0054346007	39.5748274534	329.2343065896	3.410120318800267
129.0314616593	39.9050679854	331.2480973424	3.416938665470905
130.0636110688	40.2373263308	333.2699362027	3.423756758145944
131.1019070025	40.5716105457	335.2998389614	3.4305745984408205
132.146373681	40.907928702	337.3378214092	3.437392188066898
133.1970353719	41.246288887	339.3838993365	3.4442095287138716
134.2539163904	41.5866992044	341.4380885336	3.4510266219947696
135.3170410988	41.9291677731	343.5004047906	3.457843469529671
136.3864339068	42.2737027282	345.5708638976	3.464660072889999
137.4621192713	42.6203122205	347.6494816444	3.471476433736055
138.5441216965	42.9690044163	349.7362738206	3.4782925536455513
139.632465734	43.3197874982	351.8312562157	3.4851084341557304
140.7271759825	43.6726696641	353.9344446191	3.4919240767974644
141.8282770881	44.027659128	356.0458548201	3.4987394831288037
142.9357937441	44.3847641196	358.1655026076	3.505554654728632
144.0497506914	44.7439928844	360.2934037706	3.5123695930270666
145.1701727178	45.1053536835	362.4295740978	3.5191842995573435
146.2970846586	45.4688547942	364.574029378	3.525998775731578
147.4305113964	45.8345045092	366.7267853997	3.5328130230975696
148.5704778611	46.2023111372	368.8878579512	3.539627043103211
149.7170090297	46.5722830026	371.0572628208	3.5464408371374
150.8701299267	46.9444284455	373.2350157967	3.5532544066506895
152.029865624	47.3187558221	375.4211326668	3.56006775308843
153.1962412405	47.6952735041	377.6156292191	3.5668808777773915
154.3692819426	48.073989879	379.8185212414	3.573693782172386
155.549012944	48.4549133503	382.0298245212	3.5805064676637675
156.7354595056	48.8380523371	384.2495548462	3.5873189355240918
157.9286469358	49.2234152743	386.4777280038	3.5941311871741934
159.12860059	49.6110106126	388.7143597814	3.6009432239176244
160.3353458711	50.0008468187	390.9594659662	3.607755047132402
161.5489082294	50.3929323746	393.2130623452	3.614566658120299
162.7693131623	50.7872757787	395.4751647056	3.6213780581192863
163.9965862147	51.1838855446	397.7457888342	3.6281892485020855
165.2307529785	51.5827702022	400.024950518	3.6350002304725497
166.4718390934	51.9839382968	402.3126655436	3.6418110054077255
167.7198702458	52.3873983897	404.6089496976	3.6486215744915027
168.97487217	52.7931590578	406.9138187667	3.655431938956182
170.2368706472	53.2012288941	409.2272885372	3.662242100115607
171.5058915061	53.6116165071	411.5493747956	3.6690520590977984
172.7819606227	54.0243305211	413.8800933282	3.6758618171897166
174.0651039203	54.4393795764	416.2194599211	3.6826713756038623
175.3553473694	54.8567723289	418.5674903605	3.689480735484711
176.6527169879	55.2765174503	420.9242004324	3.6962898980705674
177.9572388411	55.6986236282	423.2896059227	3.70309886451339
179.2689390415	56.1230995659	425.6637226174	3.7099076359362995
180.587843749	56.5499539825	428.0465663023	3.71671621354966
181.9139791707	56.9791956128	430.4381527631	3.7235245985028715
183.2473715612	57.4108332075	432.8384977854	3.73033279191775
184.5880472221	57.8448755331	435.2476171549	3.737140794894055
185.9360325027	58.2813313719	437.665526657	3.7439486086122074
187.2913537994	58.7202095218	440.0922420772	3.75075623411645
188.6540375559	59.1615187966	442.5277792009	3.7575636725316155
190.0241102633	59.605268026	444.9721538134	3.7643709249608808
191.4015984601	60.0514660553	447.4253816999	3.7711779924740645
192.7865287318	60.5001217457	449.8874786457	3.777984876119642
194.1789277116	60.9512439742	452.3584604358	3.784791577026316
195.5788220798	61.4048416335	454.8383428553	3.791598096176066
196.9862385641	61.8609236321	457.3271416893	3.798404434636835
198.4012039394	62.3194988943	459.8248727226	3.8052105935063847
199.8237450282	62.7805763602	462.3315517401	3.8120165737428264
201.2538887	63.2441649857	464.8471945267	3.8188223763778852
202.6916618718	63.7102737424	467.3718168671	3.825628002466539
204.1370915079	64.1789116179	469.905434546	3.8324334529691058
205.5902046199	64.6500876152	472.4480633482	3.8392387288691423
207.0510282668	65.1238107535	474.9997190582	3.846043831235738
208.5195895548	65.6000900676	477.5604174605	3.8528487609881705
209.9959156374	66.0789346079	480.1301743398	3.8596535190811623
211.4800337157	66.560353441	482.7090054803	3.8664581065681176
212.9719710378	67.0443556489	485.2969266667	3.873262524277987
214.4717548992	67.5309503296	487.8939536831	3.8800667733109746
215.979412643	68.0201465968	490.500102314	3.8868708544701716
217.4949716592	68.51195358	493.1153883436	3.8936747687917044
219.0184593855	69.0063804246	495.7398275561	3.900478517169267
220.5499033067	69.5034362915	498.3734357357	3.9072821005208613
222.089330955	70.0031303576	501.0162286665	3.9140855197636366
223.6367699098	70.5054718156	503.6682221327	3.9208887757893622
225.1922477982	71.010469874	506.3294319182	3.9276918695445526
226.7557922941	71.5181337568	508.9998738072	3.934494801846853
228.3274311193	72.0284727042	511.6795635835	3.9412975736838627
229.9071920424	72.5414959719	514.3685170311	3.9481001858603526
231.4951028796	73.0572128314	517.0667499338	3.9549026392725457
233.0911914944	73.5756325702	519.7742780757	3.9617049347425883
234.6954857978	74.0967644913	522.4911172403	3.9685070732560526
236.3080137477	74.6206179136	525.2172832116	3.975309055502863
237.9288033497	75.1472021719	527.9527917733	3.982110882437557
239.5578826566	75.6765266166	530.6976587091	3.988912554870138
241.1952797686	76.208600614	533.4518998027	3.995714073646428
242.841022833	76.7434335462	536.2155308376	4.002515439606512
244.4951400448	77.2810348109	538.9885675976	4.009316653506747
246.1576596461	77.8214138219	541.7710258661	4.016117716252887
247.8286099262	78.3645800084	544.5629214268	4.022918628565813
249.5080192221	78.9105428158	547.3642700631	4.0297193913332325
251.1959159178	79.4593117049	550.1750875585	4.036520005294584
252.8923284449	80.0108961524	552.9953896965	4.0433204712490065
254.597285282	80.5653056511	555.8251922605	4.050120790013262
256.3108149554	81.122549709	558.6645110338	4.05692096235758
258.0329460385	81.6826378505	561.5133617999	4.063720989016874
259.763707152	82.2455796152	564.371760342	4.070520870826942
261.5031269642	82.811384559	567.2397224435	4.077320608476784
263.2512341905	83.3800622532	570.1172638877	4.08412020277909
265.0080575936	83.9516222851	573.0044004577	4.090919654506055
266.7736259837	84.5260742578	575.9011479368	4.097718964325519
268.5479682183	85.1034277899	578.8075221083	4.10451813301651
270.3311132021	85.6836925161	581.7235387552	4.111317161358985
272.1230898872	86.2668780868	584.6492136608	4.1181160499938345
273.9239272733	86.8529941681	587.5845626082	4.124914799725132
275.7336544069	87.442050442	590.5296013804	4.131713411270701
277.5523003824	88.0340566061	593.4843457605	4.1385118853030205
279.379894341	88.629022374	596.4488115316	4.145310222541772
281.2164654717	89.2269574749	599.4230144767	4.152108423701712
283.0620430106	89.8278716539	602.4069703789	4.158906489475049
284.9166562411	90.4317746719	605.400695021	4.165704420595746
286.7803344941	91.0386763055	608.4042041862	4.1725022176717435
288.6531071477	91.648586347	611.4175136572	4.179299881513078
290.5350036274	92.2615146048	614.440639217	4.186097412678913
292.426053406	92.8774709028	617.4735966486	4.192894811878338
294.3262860036	93.4964650807	620.5164017348	4.19969207982116
296.2357309878	94.1185069941	623.5690702585	4.206489217138292
298.1544179733	94.7436065143	626.6316180025	4.213286224519386
300.0823766223	95.3717735284	629.7040607496	4.220083102609186
302.0196366444	96.0030179393	632.7864142826	4.226879852042989
303.9662277964	96.6373496658	635.8786943844	4.2336764734681545
305.9221798823	97.2747786422	638.9809168376	4.240472967578794
307.8875227538	97.9153148189	642.0930974251	4.2472693349292605
309.8622863097	98.5589681617	645.2152519296	4.254065576232763
311.8465004962	99.2057486526	648.3473961337	4.2608616920972775
313.8401953067	99.8556662892	651.4895458203	4.267657683098332
315.8434007822	100.5087310847	654.6417167719	4.2744535499586185
317.8561470109	101.1649530684	657.8039247712	4.281249293222913
319.8784641282	101.8243422852	660.9761856008	4.288044913516485
321.910382317	102.4869087958	664.1585150435	4.294840411415374
323.9519318077	103.1526626767	667.3509288818	4.301635787592058
326.0031428776	103.8216140203	670.5534428984	4.30843104260324
328.0640458517	104.4937729345	673.7660728757	4.315226177101998
330.1346711022	105.1691495433	676.9888345964	4.322021191588007
332.2150490487	105.8477539862	680.2217438431	4.328816086711663
334.3052101581	106.5295964187	683.4648163982	4.335610863070014
336.4051849446	107.214687012	686.7180680444	4.342405521189619
338.5150039698	107.9030359531	689.981514564	4.349200061726019
340.6346978426	108.5946534447	693.2551717397	4.355994485138248
342.7642972193	109.2895497054	696.539055354	4.362788792090204
344.9038328035	109.9877349695	699.8331811892	4.36958298316508
347.053335346	110.6892194871	703.1375650278	4.376377058844289
349.2128356452	111.3940135241	706.4522226524	4.3831710196983655
351.3823645467	112.1021273623	709.7771698453	4.389964866343517
353.5619529435	112.813571299	713.112422389	4.396758599266601
355.7516317757	113.5283556474	716.4579960659	4.403552219059986
357.9514320311	114.2464907367	719.8139066583	4.410345726263621
360.1613847447	114.9679869116	723.1801699487	4.417139121364988
362.3815209986	115.6928545328	726.5568017195	4.42393240494617
364.6118719227	116.4211039765	729.943817753	4.430725577557837
366.8524686938	117.152745635	733.3412338315	4.4375186396993795
369.1033425364	117.8877899161	736.7490657375	4.444311591861224
371.364524722	118.6262472437	740.1673292533	4.451104434638058
373.6360465697	119.3681280571	743.5960401611	4.457897168540379
375.9179394458	120.1134428117	747.0352142433	4.464689794032728
378.2102347641	120.8622019786	750.4848672822	4.471482311662218
380.5129639855	121.6144160445	753.9450150601	4.4782747219402586
382.8261586184	122.3700955122	757.4156733592	4.485067025364867
385.1498502186	123.1292509	760.896857962	4.4918592224035425
387.484070389	123.8918927421	764.3885846505	4.498651313659717
389.8288507802	124.6580315886	767.8908692071	4.505443299514965
392.1842230897	125.4276780051	771.403727414	4.512235180523766
394.5502190627	126.2008425732	774.9271750535	4.519026957157076
396.9268704916	126.9775358903	778.4612279077	4.525818629936654
399.3142092162	127.7577685694	782.0059017589	4.53261019928015
401.7122671234	128.5415512394	785.5612123894	4.539401665707892
404.1210761479	129.328894545	789.1271755812	4.546193029732249
406.5406682713	130.1198091467	792.7038071167	4.552984291735798
408.9710755229	130.9143057206	796.291122778	4.5597754522877185
411.4123299789	131.7123949589	799.8891383472	4.566566511817722
413.8644637633	132.5140875692	803.4978696066	4.573357470768031
416.3275090471	133.3193942752	807.1173323382	4.580148329646921
418.8014980489	134.1283258163	810.7475423244	4.586939088843662
421.2864630345	134.9408929476	814.3885153471	4.593729748923232
423.782436317	135.7571064399	818.0402671886	4.600520310238259
426.289450257	136.5769770801	821.7028136309	4.60731077331643
428.8075372623	137.4005156707	825.3761704562	4.614101138536816
431.3367297881	138.2277330298	829.0603534467	4.620891406374212
433.8770603369	139.0586399915	832.7553783844	4.627681577311301
436.4285614586	139.8932474058	836.4612610514	4.634471651750107
438.9912657504	140.7315661381	840.1780172298	4.641261630121367
441.5652058569	141.57360707	843.9056627018	4.648051512863175
444.15041447	142.4193810986	847.6442132493	4.654841300457534
446.7469243288	143.2688991368	851.3936846545	4.661630993249991
449.35476822	144.1221721134	855.1540926995	4.668420591717178
451.9739789776	144.979210973	858.9254531663	4.675210096291982
454.6045894827	145.8400266758	862.707781837	4.681999507373931
457.246632664	146.704630198	866.5010944936	4.688788825411136
459.9001414975	147.5730325314	870.3054069181	4.695578050793325
462.5651490063	148.4452446837	874.1207348927	4.702367183912457
465.2416882612	149.3212776783	877.9470941993	4.709156225245097
467.9297923802	150.2011425545	881.78450062	4.715945175142549
470.6294945285	151.0848503672	885.6329699368	4.72273403404558
473.3408279188	151.9724121872	889.4925179317	4.729522802341944
476.0638258111	152.8638391012	893.3631603868	4.73631148042672
478.7985215128	153.7591422114	897.244913084	4.743100068743324
481.5449483785	154.658332636	901.1377918053	4.749888567641938
484.3031398103	155.561421509	905.0418123328	4.756676977525705
487.0731292575	156.4684199799	908.9569904483	4.763465298826007
489.8549502169	157.3793392143	912.883341934	4.77025353183592
492.6486362325	158.2941903935	916.8208825719	4.777041677042002
495.4542208958	159.2129847144	920.7696281437	4.783829734833433
498.2717378453	160.13573339	924.7295944317	4.79061770548636
501.1012207674	161.0624476488	928.7007972176	4.7974055895207615
503.9427033952	161.9931387352	932.6832522835	4.804193387193783
506.7962195098	162.9278179094	936.6769754114	4.810981098945386
509.661802939	163.8664964473	940.6819823831	4.817768725163401
512.5394875585	164.8091856407	944.6982889807	4.82455626615359
515.4293072909	165.7558967971	948.7259109861	4.831343722349343
518.3312961065	166.7066412397	952.7648641812	4.838131094106774
521.2454880228	167.6614303077	956.8151643479	4.8449183817705475
524.1719171044	168.620275356	960.8768272683	4.851705585682893
527.1106174637	169.5831877551	964.9498687242	4.858492706277864
530.0616232601	170.5501788916	969.0343044975	4.865279743864022
533.0249687005	171.5212601675	973.1301503702	4.872066698797122
536.0006880391	172.4964430009	977.2374221241	4.878853571455803
538.9888155774	173.4757388256	981.3561355413	4.885640362137643
541.9893856643	174.4591590912	985.4863064036	4.892427071270911
545.002432696	175.4467152628	989.6279504929	4.899213699164004
548.0279911161	176.4384188218	993.7810835911	4.90600024616756
551.0660954155	177.434281265	997.9457214801	4.912786712625341
554.1167801325	178.434314105	1002.1218799418	4.919573098879137
557.1800798526	179.4385288703	1006.3095747581	4.926359405268584
560.2560292089	180.4469371052	1010.5088217109	4.93314563214148
563.3446628815	181.4595503697	1014.719636582	4.939931779838589
566.4460155982	182.4763802396	1018.9420351534	4.9467178486599614
569.5601221338	183.4974383065	1023.1760332069	4.953503838986194
572.6870173107	184.5227361778	1027.4216465244	4.960289751113734
575.8267359986	185.5522854766	1031.6788908878	4.967075585385425
578.9793131145	186.5860978418	1035.9477820789	4.9738613421421585
582.1447836226	187.6241849282	1040.2283358796	4.980647021689375
585.3231825348	188.6665584064	1044.5205680717	4.987432624359739
588.51454491	189.7132299624	1048.8244944372	4.994218150440481
591.7189058545	190.7642112986	1053.1401307579	5.001003600318079
594.9363005222	191.8195141325	1057.4674928155	5.007788974286013
598.1667641141	192.879150198	1061.8065963921	5.014574272607201
601.4103318785	193.9431312444	1066.1574572693	5.021359495686621
604.6670391113	195.0114690369	1070.5200912292	5.0281446437405135
607.9369211554	196.0841753565	1074.8945140534	5.034929717184656
611.2200134015	197.1612619999	1079.2807415239	5.0417147162367275
614.5163512871	198.2427407797	1083.6787894224	5.048499641265979
617.8259702975	199.3286235242	1088.0886735309	5.055284492529855
621.1489059651	200.4189220774	1092.510409631	5.062069270393763
624.4851938698	201.5136482994	1096.9440135048	5.068853975060003
627.8348696386	202.6128140656	1101.389500934	5.075638606947194
631.1979689461	203.7164312677	1105.8468877003	5.082423166306349
634.5745275141	204.8245118127	1110.3161895857	5.089207653382743
637.9645811118	205.9370676238	1114.797422372	5.095992068542247
641.3681655557	207.0541106397	1119.2906018409	5.102776412073817
644.7853167097	208.175652815	1123.7957437743	5.109560684227112
648.216070485	209.30170612	1128.312863954	5.116344885325535
651.6604628402	210.4322825409	1132.8419781618	5.123129015653207
655.1185297812	211.5673940796	1137.3831021795	5.12991307549713
658.5903073611	212.7070527538	1141.9362517889	5.13669706514337
662.0758316807	213.851270597	1146.5014427718	5.143480984875971
665.5751388878	215.0000596584	1151.07869091	5.15026483497734
669.0882651777	216.1534320031	1155.6680119853	5.157048615728765
672.615246793	217.3113997119	1160.2694217795	5.163832327400471
676.1561200237	218.4739748815	1164.8829360745	5.170615970275011
679.7109212071	219.6411696242	1169.5085706519	5.177399544684617
683.2796867279	220.8129960681	1174.1463412935	5.184183050825485
686.862453018	221.9894663574	1178.7962637813	5.190966488980324
690.4592565568	223.1705926516	1183.4583538968	5.197749859490931
694.070133871	224.3563871263	1188.1326274221	5.204533162521248
697.6951215345	225.5468619728	1192.8191001387	5.211316398469879
701.3342561688	226.7420293982	1197.5177878285	5.218099567493686
704.9875744427	227.9419016254	1202.2287062733	5.224882669909878
708.655113072	229.146490893	1206.9518712548	5.2316657059920075
712.3369088203	230.3558094553	1211.6872985548	5.238448675976314
716.0329984983	231.5698695828	1216.4350039551	5.24523158012948
719.743418964	232.7886835612	1221.1950032375	5.25201441872113
723.468207123	234.0122636925	1225.9673121837	5.25879719202427
727.207399928	235.2406222941	1230.7519465755	5.265579900278324
730.961034379	236.4737716994	1235.5489221946	5.272362543749116
734.7291475237	237.7117242575	1240.3582548229	5.279145122659934
738.5117764568	238.9544923333	1245.1799602421	5.285927637319094
742.3089583204	240.2020883075	1250.0140542339	5.292710087960655
746.120730304	241.4545245765	1254.8605525801	5.2994924748222525
749.9471296445	242.7118135527	1259.7194710624	5.306274798162814
753.7881936261	243.9739676639	1264.5908254627	5.313057058199251
757.6439595803	245.2409993542	1269.4746315627	5.319839255241678
761.514464886	246.5129210829	1274.370905144	5.326621389513729
765.3997469694	247.7897453255	1279.2796619886	5.333403461210063
769.2998433041	249.0714845732	1284.200917878	5.3401854706599226
773.2147914109	250.3581513329	1289.1346885942	5.346967418014964
777.1446288581	251.6497581273	1294.0809899187	5.35374930361516
781.0893932614	252.9463174949	1299.0398376334	5.360531127596673
785.0491222836	254.2478419899	1304.0112475201	5.367312890265021
789.023853635	255.5543441826	1308.9952353603	5.374094591875115
793.0136250733	256.8658366586	1313.991816936	5.380876304375399
