521
1.	2.9576318759642767e-68	2.0151310067871695e-70	5.875166226041427e-66	0.005103189364517232
1.1	1.8579464025503196e-62	1.391020357625387e-64	3.3574300762615716e-60	0.005617316295768612
1.2	1.2760978083411893e-57	1.0411684610471247e-59	2.115236024661355e-55	0.006132132184412401
1.3	1.595657129247261e-53	1.4089209504621402e-55	2.4430996356595876e-51	0.006647636129546646
1.4	5.229116196778627e-50	4.967154380518259e-52	7.439320151551326e-48	0.0071638272153642804
1.5	5.867109336779727e-47	5.965050647489852e-49	7.795664780494252e-45	0.007680704511279358
1.6	2.7543097540678584e-44	2.98386079105575e-46	3.433202948864633e-42	0.008198267072053789
1.7000000000000002	6.306840108970138e-42	7.251926195515137e-44	7.403809434609173e-40	0.008716513937924573
1.8	7.936936513184167e-40	9.653051521247309e-42	8.805572470570317e-38	0.009235444134731513
1.9	6.032117285765142e-38	7.735865565896233e-40	6.344208438120925e-36	0.00975505667404536
2.	2.985524672123426e-36	4.0260787543878253e-38	2.984937355961795e-34	0.0102753505532964
2.1	1.0229001258692753e-34	1.4468714658228932e-36	9.74632724933698e-33	0.010796324755903437
2.2	2.5504650192595827e-33	3.7754180594682764e-35	2.3211620369602117e-31	0.011317978251403155
2.3	4.8230430354322605e-32	7.456195669610764e-34	4.201293325856205e-30	0.011840309995579865
2.4000000000000004	7.159708824339997e-31	1.1537720394570525e-32	5.980726972419869e-29	0.012363318930595573
2.5	8.588356806402357e-30	1.4401520288683775e-31	6.891587989731033e-28	0.012887003985120347
2.6	8.531068384238444e-29	1.4862081288122687e-30	6.586548763814275e-27	0.013411364074463045
2.7	7.165402683411385e-28	1.2949458306083717e-29	5.330678632129514e-26	0.01393639810070226
2.8	5.180771638323294e-27	9.699377433632932e-29	3.718939699706226e-25	0.014462104952817542
2.9000000000000004	3.2746732594970197e-26	6.343095708706658e-28	2.2710619376966917e-24	0.01498848350682089
3.	1.8338864006606776e-25	3.6709009503579545e-27	1.2302282480846933e-23	0.015515532625888392
3.1	9.205999841798155e-25	1.9021952990786723e-26	5.980238974314833e-23	0.016043251160492142
3.2	4.1849987706428524e-24	8.916840641545829e-26	2.6352912001050156e-22	0.016571637948532277
3.3000000000000003	1.7383669294536624e-23	3.815611161140462e-25	1.0621454424307204e-21	0.017100691815469186
3.4000000000000004	6.650404311432175e-23	1.5023755154704427e-24	3.946372469311174e-21	0.01763041157445588
3.5	2.3597277660423643e-22	5.481811246653165e-24	1.3611140052280145e-20	0.018160796026470454
3.6	7.814337766035238e-22	1.8652248799645714e-23	4.3849159114457016e-20	0.01869184396044867
3.7	2.4285999657832017e-21	5.951636664908727e-23	1.3267712226726771e-19	0.019223554153416603
3.8000000000000003	7.118962883025676e-21	1.789868003773048e-22	3.7891722961458093e-19	0.019755925370623376
3.9000000000000004	1.9770451760272996e-20	5.096167040646598e-22	1.0259634635932868e-18	0.02028895636567392
4.	5.222808907410665e-20	1.3793299224567542e-21	2.64418594200549e-18	0.02082264588066176
4.1	1.3172186179054e-19	3.561944318516241e-21	6.510120718369953e-18	0.02135699264630184
4.2	3.182045760583677e-19	8.80526243738916e-21	1.5361676460764956e-17	0.02189199538206332
4.300000000000001	7.384923717832735e-19	2.0899796373750703e-20	3.4843738320321136e-17	0.02242765279630231
4.4	1.6510316515475966e-18	4.776133574259357e-20	7.617542190735333e-17	0.022963963586394652
4.5	3.564584573141225e-18	1.0534900589943588e-19	1.6090619892104945e-16	0.02350092643886856
4.6	7.44882623510977e-18	2.247993813407028e-19	3.2913181176645176e-16	0.02403854002953723
4.7	1.509698451239959e-17	4.650265557074118e-19	6.532733582420239e-16	0.024576803023631338
4.800000000000001	2.973305360145859e-17	9.343519769134933e-19	1.260558150127669e-15	0.025115714075931415
4.9	5.700228696376822e-17	1.8266612325379727e-18	2.3687656079859624e-15	0.025655271830900158
5.	1.065478637050168e-16	3.480359626150512e-18	4.341713692647862e-15	0.026195474922814526
5.1000000000000005	1.9446379681736783e-16	6.4722883247910024e-18	7.773468548734888e-15	0.026736321975897735
5.2	3.470299830548117e-16	1.1764098160713261e-17	1.3613475427658289e-14	0.027277811604451033
5.3	6.062860722222564e-16	2.09257469555774e-17	2.3348847532789933e-14	0.027819942412985344
5.4	1.0381933402290258e-15	3.647023427236134e-17	3.926502282391178e-14	0.028362712996352672
5.5	1.744375087546075e-15	6.23459151324713e-17	6.481200978699581e-14	0.028906121939877277
5.6000000000000005	2.878723462713889e-15	1.0464829041396578e-16	1.0511057980216529e-13	0.029450167819486676
5.7	4.670521101845044e-15	1.7263264503691832e-16	1.6764109372979138e-13	0.02999484920184233
5.800000000000001	7.456156246757382e-15	2.8013291232684626e-16	2.631672157047101e-13	0.03054016464447015
5.9	1.1722016039076721e-14	4.47521314614087e-16	4.0695757964121957e-13	0.031086112695890605
6.	1.8161729506200118e-14	7.043782941702549e-16	6.203805115021791e-13	0.031632691895748716
6.1000000000000005	2.7751603153666277e-14	1.0930836126735874e-15	9.32960114589976e-13	0.03217990077494361
6.2	4.1848850392741973e-14	1.673587830159989e-15	1.3849963002223481e-12	0.032727737855757784
6.300000000000001	6.231806193774931e-14	2.5296791865135486e-15	2.0308665593360413e-12	0.03327620165198611
6.4	9.169229666824729e-14	3.777124634245652e-15	2.9431432535909164e-12	0.033825290669064444
6.5	1.333761882173858e-13	5.5741357512385916e-15	4.217676756770707e-12	0.03437500340419788
6.6000000000000005	1.9189955671386656e-13	8.134690727850556e-15	5.979811669734969e-12	0.034925338346488644
6.7	2.732311807229326e-13	1.1745332683696753e-14	8.39192031270567e-12	0.035476293977063665
6.800000000000001	3.85163612682216e-13	1.6786162202477456e-14	1.1662454497757355e-11	0.0360278687692017
6.9	5.377812014442276e-13	2.3756848015686036e-14	1.6056732921513183e-11	0.03658006118846003
7.	7.440248057777118e-13	3.3308593911633404e-14	2.1909697108386824e-11	0.03713286969280086
7.1000000000000005	1.020368029342151e-12	4.628312174459417e-14	2.964088339569223e-11	0.03768629273271716
7.2	1.3876211661184214e-12	6.375985927845086e-14	3.977187170983374e-11	0.03824032875135819
7.300000000000001	1.871880400096545e-12	8.711265679313072e-14	5.2946483578675763e-11	0.03879497618465448
7.4	2.505641138179737e-12	1.1807749705731518e-13	6.995401172057706e-11	0.039350233461442445
7.5	3.329095654496513e-12	1.588328084595753e-13	9.175577143216482e-11	0.03990609900358846
7.6000000000000005	4.391636471391043e-12	2.1209413972358583e-13	1.1951526968064685e-10	0.04046257122611252
7.7	5.753588081383845e-12	2.8122510555763645e-13	1.546322911407213e-10	0.04101964853731134
7.800000000000001	7.488190710050844e-12	3.7036666458228917e-13	1.9878120128398938e-10	0.04157732933888106
7.9	9.683860817594996e-12	4.845869426706362e-13	2.5395376494941895e-10	0.04213561202603934
8.	1.2446753923486653e-11	6.300539651194926e-13	3.2250677455274914e-10	0.04269449498764704
8.100000000000001	1.5903656101789798e-11	8.142338085300107e-13	4.072147752229749e-10	0.04325397660632928
8.2	2.0205231123965333e-11	1.0461168266010587e-12	5.113281647130184e-10	0.043814055258596
8.3	2.552965071188966e-11	1.3364747419390688e-12	6.386369339807718e-10	0.04437472931496212
8.4	3.208663569903351e-11	1.6981515272139671e-12	7.93540299968884e-10	0.044935997140066825
8.5	4.012193607642441e-11	2.1463911223477006e-12	9.81122465449146e-10	0.04549785709279262
8.600000000000001	4.99222779180806e-11	2.6992051487819158e-12	1.2072347219874388e-9	0.0460603075263837
8.7	6.182080503575123e-11	3.377783886189714e-12	1.4785840912987297e-9	0.04662334678856361
8.8	7.620304290440573e-11	4.206953870318233e-12	1.8028286776878453e-9	0.047186973221652634
8.9	9.351341192898634e-11	5.215685552117682e-12	2.1886798801148133e-9	0.04775118516268419
9.	1.1426231649217087e-10	6.437654527185097e-12	2.646011586902106e-9	0.048315980943521006
9.1	1.390338354362767e-10	7.911859900186391e-12	3.1859764494378244e-9	0.04888135889097048
9.200000000000001	1.684940386955408e-10	9.68330339080308e-12	3.821129303656049e-9	0.049447317326899456
9.3	2.0339995371451586e-10	1.1803732815476057e-11	4.5655577798244526e-9	0.05001385456834842
9.4	2.446092040720655e-10	1.4332453592501871e-11	5.435020112470123e-9	0.050580968927645076
9.5	2.9309034138724567e-10	1.733721191670828e-11	6.44709013335475e-9	0.05114865871251723
9.6	3.499338901229452e-10	2.0895153233943586e-11	7.621309401491058e-9	0.05171692222620513
9.700000000000001	4.163641233357455e-10	2.5093859615003265e-11	8.979346395482754e-9	0.05228575776757304
9.8	4.937515857571242e-10	3.0032469583558166e-11	1.0545162665175167e-8	0.05285516363122029
9.9	5.836263788430522e-10	3.5822883893388145e-11	1.2345185811909059e-8	0.05342513810759159
10.	6.876922206078672e-10	4.2591060677118427e-11	1.4408489139752766e-8	0.05399567948308673
10.1	8.078412911758811e-10	5.047840330214151e-11	1.6766977794110286e-8	0.054566786040169575
10.200000000000001	9.461698730521032e-10	5.964324416998896e-11	1.9455581179207718e-8	0.05513845605747641
10.3	1.1049947931436509e-9	7.026242758368933e-11	2.2512451422281964e-8	0.055710687809923574
10.4	1.2868706715673288e-9	8.253299468425326e-11	2.5979167629945878e-8	0.056283479568814535
10.5	1.4946079802675464e-9	9.667397332304626e-11	2.990094566127846e-8	0.05685682960194609
10.600000000000001	1.731291912453608e-9	1.1292827559222822e-10	3.432685312277769e-8	0.057430736173714025
10.700000000000001	2.000302061856421e-9	1.315647055813933e-10	3.931002927247483e-8	0.05800519754521801
10.8	2.305332908812024e-9	1.5288007976587474e-10	4.4907909504298093e-8	0.05858021197436586
10.9	2.6504151082127675e-9	1.7720146226172524e-10	5.118245406923096e-8	0.05915577771597696
11.	3.03993757243477e-9	2.0488851700496522e-10	5.820038067695089e-8	0.05973189302188518
11.100000000000001	3.478670340461182e-9	2.3633597872919696e-10	6.603340061047402e-8	0.0603085561410409
11.200000000000001	3.971788222582527e-9	2.719762444269768e-10	7.475845797687277e-8	0.06088576531961239
11.3	4.524895208274113e-9	3.122820867872281e-10	8.445797170934535e-8	0.061463518801086546
11.4	5.144049623133597e-9	3.577694909043745e-10	9.522007992979753e-8	0.06204181482636876
11.5	5.835790019114176e-9	4.090006153555767e-10	1.0713888627659844e-7	0.0626206516338822
11.600000000000001	6.607161780715434e-9	4.665868785412602e-10	1.2031470779925393e-7	0.06320002745966627
11.700000000000001	7.465744428299685e-9	5.311921709818682e-10	1.3485432402036326e-7	0.0637799405374744
11.8	8.41967959828955e-9	6.035361940611986e-10	1.5087122676532225e-7	0.06436038909887108
11.9	9.477699678675415e-9	6.843979255044553e-10	1.684858703617385e-7	0.06494137137332819
12.	1.0649157077023256e-8	7.746192116781439e-10	1.8782592181339887e-7	0.0655228855883205
12.100000000000001	1.1944054097023511e-8	8.751084865995906e-10	2.0902651055775516e-7	0.06610492996942059
12.200000000000001	1.3373073398564078e-8	9.868446173470188e-10	2.3223047742125079e-7	0.06668750274039285
12.3	1.4947609015343774e-8	1.110880875367226e-9	2.575886223932748e-7	0.06727060212328692
12.4	1.6679797903167865e-8	1.2483490329875145e-9	2.85259950847053e-7	0.06785422633853022
12.5	1.8582551991285978e-8	1.4004635842523934e-9	3.154119178442976e-7	0.06843837360501985
12.600000000000001	2.0669590708438744e-8	1.5685260890235916e-9	3.4822067016978714e-7	0.06902304214021367
12.700000000000001	2.295547395468226e-8	1.7539296391054923e-9	3.838712857523089e-7	0.0696082301602207
12.8	2.545563548954222e-8	1.958163444986293e-9	4.225580101392559e-7	0.0701939358798907
12.9	2.8186416706628993e-8	2.182817541619861e-9	4.644844897038372e-7	0.07078015751290309
13.	3.1165100764501485e-8	2.4295876115133377e-9	5.098640012759787e-7	0.07136689327185498
13.100000000000001	3.440994704331145e-8	2.700279923232241e-9	5.589196779006922e-7	0.0719541413683486
13.200000000000001	3.794022589658315e-8	2.9968163832880417e-9	6.118847304408019e-7	0.07254190001307784
13.3	4.1776253667384526e-8	3.3212396992330844e-9	6.690026647544101e-7	0.07313016741591416
13.4	4.593942793811863e-8	3.6757186516543693e-9	7.305274941912099e-7	0.0737189417859917
13.5	5.045226298321538e-8	4.06255347263189e-9	7.96723947165827e-7	0.07430822133179156
13.600000000000001	5.533842539411484e-8	4.484181328107848e-9	8.678676695804804e-7	0.07489800426122542
13.700000000000001	6.062276984611931e-8	4.94318190150171e-9	9.442454218836223e-7	0.07548828878171837
13.8	6.633137497693075e-8	5.442283075801255e-9	1.026155270565509e-6	0.07607907310029101
13.9	7.249157934699019e-8	5.984366711262399e-9	1.1139067739059885e-6	0.07667035542364076
14.	7.913201745210057e-8	6.572474515761247e-9	1.207821161804224e-6	0.07726213395822241
14.100000000000001	8.628265575921215e-8	7.209814004758183e-9	1.3082315095341378e-6	0.07785440691032798
14.200000000000001	9.39748287367157e-8	7.899764547759068e-9	1.4154829052835826e-6	0.0784471724861657
14.3	1.022412748510875e-7	8.645883498089811e-9	1.5299326113491387e-6	0.07904042889193842
14.4	1.1111617250226938e-7	9.45191240273883e-9	1.6519502188720912e-6	0.0796341743339211
14.5	1.206351758707549e-7	1.0321783288967872e-8	1.7819177960147106e-6	0.0802284070185376
14.600000000000001	1.3083545064997156e-7	1.1259625024344075e-8	1.92023002948921e-6	0.08082312515243678
14.700000000000001	1.4175570963818167e-7	1.2269769746803576e-8	2.067294359364462e-6	0.08141832694256777
14.8	1.5343624816482986e-7	1.3356759361324837e-8	2.223531107088535e-6	0.08201401059625454
14.9	1.6591897932693213e-7	1.452535209975826e-8	2.3893735966769135e-6	0.08261017432126967
15.	1.7924746901186092e-7	1.57805291403394e-8	2.565268269028608e-6	0.0832068163259074
15.100000000000001	1.934669706836075e-7	1.71275012833953e-8	2.751674789343685e-6	0.08380393481905603
15.200000000000001	2.0862445991035652e-7	1.857171567974187e-8	2.9490661476267374e-6	0.08440152801026933
15.3	2.2476866861202115e-7	2.0118862608268797e-8	3.1579287522721047e-6	0.08499959410983751
15.4	2.41950119007124e-7	2.1774882299204003e-8	3.378762516736267e-6	0.08559813132885724
15.5	2.6022115723924763e-7	2.3545971799558774e-8	3.6120809393133227e-6	0.08619713787930092
15.600000000000001	2.7963598666407815e-7	2.5438591877264717e-8	3.858411176038906e-6	0.08679661197408543
15.700000000000001	3.002507007788413e-7	2.745947396052561e-8	4.1182941067565025e-6	0.08739655182713983
15.8	3.2212331577680204e-7	2.9615627108932317e-8	4.39228439438958e-6	0.08799695565347262
15.9	3.453138027102499e-7	3.1914345012906735e-8	4.680950537470365e-6	0.08859782166923809
16.	3.698841192462516e-7	3.436321301807351e-8	4.984874915984458e-6	0.08919914809180193
16.1	3.958982410002464e-7	3.6970115171188283e-8	5.304653830597768e-6	0.0898009331398063
16.200000000000003	4.2342219243334626e-7	3.9743241284284594e-8	5.6408975353387985e-6	0.09040317503323389
16.3	4.5252407730004845e-7	4.269109401374556e-8	5.99423026381666e-6	0.09100587199347147
16.4	4.832741086338096e-7	4.582249595104278e-8	6.365290249060451e-6	0.09160902224337271
16.5	5.157446382587402e-7	4.9146596721933096e-8	6.75472973707193e-6	0.09221262400732018
16.6	5.500101858164628e-7	5.267288009095269e-8	7.16321499418874e-6	0.0928166755112866
16.700000000000003	5.861474672979094e-7	5.6411171068095274e-8	7.5914263083600415e-6	0.09342117498289557
16.8	6.242354230706125e-7	6.037164301461706e-8	8.040057984441416e-6	0.09402612065148137
16.9	6.643552453927628e-7	6.456482474496441e-8	8.50981833361974e-6	0.09463151074814827
17.	7.065904054060424e-7	6.900160762187841e-8	9.001429657082869e-6	0.09523734350582894
17.1	7.510266795999369e-7	7.369325264178797e-8	9.515628224052182e-6	0.09584361715934214
17.2	7.977521757409473e-7	7.865139750766666e-8	0.000010053164244299508	0.09645032994544997
17.3	8.468573582607984e-7	8.388806368659022e-8	0.00001061480183527282	0.09705748010291415
17.400000000000002	8.984350730983313e-7	8.941566344928763e-8	0.000011201318983956621	0.09766506587255165
17.5	9.525805719905497e-7	9.52470068890586e-8	0.000011813507503596956	0.0982730854972898
17.6	1.0093915362088066e-6	1.0139530891748354e-7	0.000012452172985421423	0.09888153722222058
17.7	1.0689680997367182e-6	1.078741962344187e-7	0.000013118134745486176	0.09949041929465405
17.8	1.1314128718871055e-6	1.1469771426984913e-7	0.000013812225766784671	0.10009972996417153
17.900000000000002	1.1968309593556978e-6	1.2188033409522482e-7	0.000014535292636752345	0.10070946748267767
18.	1.2653299877099657e-6	1.2943695930198395e-7	0.000015288195480303202	0.10131963010445205
18.1	1.337020122312001e-6	1.3738293284503498e-7	0.000016071807888534983	0.1019302160862002
18.2	1.4120140886747742e-6	1.457340438490295e-7	0.00001688701684323882	0.1025412236871036
18.3	1.490427192251777e-6	1.5450653437534497e-7	0.00001773472263735143	0.10315265116886946
18.400000000000002	1.5723773376603545e-6	1.63717106147746e-7	0.000018615838791485773	0.10376449679577944
18.5	1.6579850473396216e-6	1.7338292723477597e-7	0.000019531291966677228	0.10437675883473797
18.6	1.7473734796442736e-6	1.8352163868699666e-7	0.000020482021873481706	0.10498943555531988
18.7	1.8406684463759538e-6	1.9415136112725385e-7	0.00002146898117756058	0.10560252522981711
18.8	1.9379984297543845e-6	2.0529070129223254e-7	0.00002249313540188817	0.10621602613328524
18.900000000000002	2.039494598830776e-6	2.1695875852361809e-7	0.00002355546282571545	0.10682993654358888
19.	2.1452908253463404e-6	2.291751312072507e-7	0.000024656954380422292	0.10744425474144678
19.1	2.255523699039304e-6	2.419599231587395e-7	0.000025798613542391306	0.10805897901047619
19.2	2.370332542403843e-6	2.553337499540432e-7	0.000026981456223031817	0.10867410763723642
19.3	2.489859424905058e-6	2.693177452036276e-7	0.00002820651065608516	0.1092896389112721
19.400000000000002	2.6142491766540183e-6	2.839335667688304e-7	0.000029474817282336486	0.10990557112515538
19.5	2.7436494015475596e-6	2.9920340291917187e-7	0.00003078742863186083	0.11052190257452796
19.6	2.878210489877534e-6	3.1514997842938116e-7	0.000032145409203926235	0.11113863155814221
19.7	3.0180856304145533e-6	3.3179656061497997e-7	0.00003354983534467649	0.11175575637790172
19.8	3.163430821971597e-6	3.4916696530534055e-7	0.000035001795122714136	0.11237327533890126
19.900000000000002	3.314404884452958e-6	3.672855627531737e-7	0.000036502388202702	0.11299118674946615
20.	3.4711694693942494e-6	3.8617728347947245e-7	0.00003805272571709927	0.11360948892119095
20.1	3.633889069999477e-6	4.058676240530048e-7	0.000039653930136147	0.11422818016897779
20.200000000000003	3.8027310306812065e-6	4.263826528034802e-7	0.00004130713513621429	0.11484725881107365
20.3	3.977865556110247e-6	4.47749015467603e-7	0.000043013485466616244	0.11546672316910743
20.400000000000002	4.159465719781224e-6	4.699939407672594e-7	0.000044774136815010576	0.1160865715681264
20.5	4.3477074721006494e-6	4.931452459191355e-7	0.000046590255671478224	0.11670680233663179
20.6	4.542769648004374e-6	5.172313420751502e-7	0.00004846301919139273	0.11732741380661413
20.700000000000003	4.744833974111013e-6	5.422812396930783e-7	0.0000503936150571762	0.11794840431358776
20.8	4.954085075418657e-6	5.683245538368578e-7	0.00005238324133904389	0.11856977219662489
20.900000000000002	5.1707104815517646e-6	5.95391509406085e-7	0.00005443310635483175	0.11919151579838914
21.	5.394900632565383e-6	6.235129462942335e-7	0.00005654442852900011	0.1198136334651683
21.1	5.626848884314111e-6	6.527203244752387e-7	0.000058718436250907044	0.12043612354690678
21.200000000000003	5.866751513393009e-6	6.830457290180738e-7	0.000060956367732438986	0.12105898439723727
21.3	6.1148077216579115e-6	7.145218750290267e-7	0.00006325947086508604	0.12168221437351212
21.400000000000002	6.371219640332565e-6	7.471821125214111e-7	0.00006562900307654624	0.12230581183683388
21.5	6.636192333710034e-6	7.810604312124927e-7	0.00006806623118694019	0.12292977515208542
21.6	6.909933802456086e-6	8.161914652474724e-7	0.00007057243126471814	0.12355410268795962
21.700000000000003	7.192654986521825e-6	8.526104978503539e-7	0.00007314888848233321	0.12417879281698826
21.8	7.484569767673384e-6	8.903534659016318e-7	0.0000757968969717592	0.12480384391557067
21.900000000000002	7.785894971646223e-6	9.294569644427304e-7	0.00007851775967992467	0.12542925436400165
22.	8.096850369931411e-6	9.699582511071396e-7	0.00008131278822413209	0.12605502254649886
22.1	8.417658681201849e-6	1.0118952504783118e-6	0.00008418330274753375	0.12668114685122986
22.200000000000003	8.748545572385696e-6	1.0553065583743178e-6	0.0000871306317747275	0.12730762567033843
22.3	9.089739659394689e-6	1.1002314460593563e-6	0.00009015611206753736	0.12793445739997045
22.400000000000002	9.441472507515023e-6	1.1467098643822467e-6	0.00009326108848104159	0.1285616404402995
22.5	9.803978631467985e-6	1.1947824478419899e-6	0.0000964469138199048	0.12918917319555137
22.6	0.000010177495495148237	1.2444905185806396e-6	0.00009971494869507553	0.12981705407402883
22.700000000000003	0.000010562263511046937	1.2958760903036243e-6	0.00010306656138090155	0.1304452814881352
22.8	0.000010958526039367118	1.3489818721277629e-6	0.00010650312767271667	0.13107385385439788
22.900000000000002	0.000011366529386838934	1.403851272357257e-6	0.00011002603074495233	0.13170276959349136
23.	0.00001178652280524169	1.4605284021878708e-6	0.00011363666100981967	0.13233202713025938
23.1	0.000012218758489640411	1.5190580793396798e-6	0.00011733641597661351	0.13296162489373706
23.200000000000003	0.000012663491576343606	1.5794858316186377e-6	0.00012112670011167892	0.13359156131717226
23.3	0.000013120980140590045	1.641857900407388e-6	0.00012500892469908983	0.13422183483804656
23.400000000000002	0.000013591485193970978	1.7062212440856196e-6	0.00012898450770207551	0.13485244389809597
23.5	0.000014075270681595146	1.7726235413803819e-6	0.00013305487362523706	0.13548338694333065
23.6	0.000014572603479003655	1.8411131946468084e-6	0.00013722145337759475	0.1361146624240548
23.700000000000003	0.000015083753388841226	1.911739333079605e-6	0.00014148568413649702	0.1367462687948855
23.8	0.000015608993137290885	1.9845518158558042e-6	0.00014584900921243033	0.13737820451477167
23.900000000000002	0.00001614859837027901	2.059601235209263e-6	0.00015031287791476304	0.1380104680470123
24.	0.00001670284764945662	2.1369389194372935e-6	0.0001548787454184487	0.13864305785927394
24.1	0.000017272022447964376	2.2166169358400396e-6	0.00015954807263172664	0.13927597242360834
24.200000000000003	0.000017856407145987294	2.2986880935930323e-6	0.0001643223260648429	0.1399092102164692
24.3	0.00001845628902610555	2.383205946553476e-6	0.00016920297769982	0.14054276971872878
24.400000000000002	0.0000190719582684479	2.470224796000804e-6	0.00017419150486130033	0.1411766494156939
24.5	0.000019703707945653666	2.559799693312036e-6	0.00017928939008848705	0.14181084779712147
24.6	0.000020351834017649832	2.6519864425725358e-6	0.00018449812100820626	0.14244536335723385
24.700000000000003	0.00002101663532624866	2.7468416031226816e-6	0.00018981919020910788	0.1430801945947336
24.8	0.000021698413589572497	2.8444224920411155e-6	0.00019525409511703088	0.14371534001281774
24.900000000000002	0.000022397473396311317	2.944787186565108e-6	0.00020080433787154697	0.14435079811919196
25.	0.000023114122199818236	3.0479945264486053e-6	0.00020647142520369792	0.14498656742608396
25.1	0.00002384867031204982	3.154104116258686e-6	0.00021225686831495092	0.14562264645025674
25.200000000000003	0.00002460143089735571	3.2631763276109286e-6	0.00021816218275737766	0.14625903371302135
25.3	0.000025372719966123788	3.3752723013444056e-6	0.000224188888315078	0.14689572774024925
25.400000000000002	0.000026162856368285503	3.4904539496368244e-6	0.00023033850888685333	0.14753272706238435
25.5	0.000026972161786687673	3.608783958060602e-6	0.00023661257237015038	0.14817003021445457
25.6	0.000027800960730335068	3.7303257875804053e-6	0.00024301261054627822	0.14880763573608313
25.700000000000003	0.000028649580527509256	3.855143676492816e-6	0.0002495401589669108	0.1494455421714993
25.8	0.00002951835131876884	3.983302642308833e-6	0.0002561967568418847	0.1500837480695489
25.900000000000002	0.000030407606049835952	4.114868483579844e-6	0.0002629839469282987	0.15072225198370462
26.	0.0000313176804643735	4.249907781667682e-6	0.0002699032754209202	0.1513610524720754
26.1	0.000032248913096658356	4.388487902459473e-6	0.0002769562918439061	0.15200014809741613
26.200000000000003	0.00003320164526415494	4.53067699802797e-6	0.000284144548943843	0.15263953742713648
26.3	0.00003417622105999374	4.6765440082379735e-6	0.000291469602584111	0.15327921903330968
26.400000000000002	0.00003517298734535962	4.826158662299615e-6	0.00029893301164057455	0.15391919149268082
26.5	0.00003619229374179287	4.979591480268959e-6	0.00030653633789859614	0.1545594533866748
26.6	0.00003723449262340985	5.1369137744969586e-6	0.0003142811459513915	0.15520000330140396
26.700000000000003	0.00003829993910904452	5.298197651027015e-6	0.00032216900309970455	0.15584083982767544
26.8	0.000039388991054317235	5.463516010942187e-6	0.000330201479252824	0.15648196156099803
26.900000000000002	0.000040502009043633666	5.632942551662503e-6	0.00033838014683092697	0.15712336710158895
27.	0.00004163935638211766	5.806551768193076e-6	0.00034670658066875213	0.15776505505438002
27.1	0.00004280139908748292	5.984418954323827e-6	0.00035518235792060776	0.15840702402902362
27.200000000000003	0.000043988505881846084	6.166620203781318e-6	0.0003638090579667017	0.15904927263989854
27.3	0.00004520104818348547	6.35323241133347e-6	0.00037258826232079766	0.15969179950611503
27.400000000000002	0.00004643940009854937	6.544333273847873e-6	0.0003815215545391962	0.16033460325152019
27.5	0.000047703938412716166	6.740001291304154e-6	0.0003906105201310258	0.1609776825047023
27.6	0.000048995042582811295	6.9403157677613585e-6	0.0003998567464698545	0.16162103589899557
27.700000000000003	0.00005031309472838322	7.145356812280789e-6	0.00040926182270660684	0.16226466207248397
27.8	0.00005165847962324212	7.355205339805027e-6	0.0004188273396837843	0.16290855966800522
27.900000000000002	0.000053031584686964664	7.569943071993898e-6	0.0004285548898509866	0.16355272733315435
28.	0.000054432799976367156	7.789652538017804e-6	0.0004384460671817197	0.16419716372028662
28.1	0.00005586251817695109	8.014417075309332e-6	0.00044850246709149394	0.16484186748652083
28.200000000000003	0.00005732113459432346	8.24432083027363e-6	0.0004587256863571988	0.1654868372937417
28.3	0.000058809047145594834	8.479448758958241e-6	0.00046911732303774994	0.16613207180860237
28.400000000000002	0.00006032665635075799	8.719886627683089e-6	0.0004796789763960009	0.16677756970252652
28.5	0.00006187436532404968	8.965721013631085e-6	0.0004904122468219093	0.16742332965171
28.6	0.0000634525797652986	9.217039305400265e-6	0.000501318735756954	0.1680693503371226
28.700000000000003	0.00006506170795126146	9.473929703517789e-6	0.000512400045619789	0.16871563044450913
28.8	0.00006670216072695049	9.736481220916669e-6	0.0005236577797331315	0.16936216866439058
28.900000000000002	0.00006837435149695378	0.000010004783683375677	0.0005350935422518687	0.17000896369206467
29.	0.00007007869621675252	0.000010278927729923235	0.0005467089380923837	0.1706560142276067
29.1	0.00007181561338403515	0.000010559004813205664	0.0005585055728630794	0.17130331897586937
29.200000000000003	0.00007358552403001248	0.00001084510719982058	0.0005704850527960979	0.17195087664648295
29.3	0.00007538885171073497	0.000011137327970615915	0.000582648984680223	0.1725986859538551
29.400000000000002	0.00007722602249841612	0.000011435761020955502	0.0005949989757949667	0.1732467456171703
29.5	0.00007909746497275979	0.000011740501060951081	0.000607536633845802	0.17389505436038882
29.6	0.00008100361021229885	0.000012051643615662163	0.0006202635669005644	0.17454361091224632
29.700000000000003	0.00008294489178574315	0.00001236928502526382	0.0006331813833269925	0.17519241400625196
29.8	0.00008492174574334007	0.000012693522445183034	0.0006462916917313961	0.17584146238068743
29.900000000000002	0.00008693461060824991	0.000013024453846204378	0.0006595961008984559	0.17649075477860493
30.	0.00008898392736793633	0.000013362178014545296	0.0006730962197321208	0.17714028994782552
30.1	0.00009107013946557642	0.000013706794551902017	0.0006867936571976244	0.17779006664093683
30.200000000000003	0.0000931936927914876	0.00001405840387546591	0.0007006900222645669	0.17844008361529062
30.3	0.00009535503567457717	0.000014417107217911569	0.0007147869238510902	0.17909033963300033
30.400000000000002	0.00009755461887381547	0.000014783006627356989	0.0007290859707691225	0.17974083346093836
30.5	0.0000997928955697298	0.0000151562049672958	0.0007435887716706606	0.1803915638707327
30.6	0.00010207032135592736	0.00001553680591650306	0.0007582969349951151	0.18104252963876424
30.700000000000003	0.00010438735423064258	0.000015924913968914215	0.0007732120689176728	0.1816937295461628
30.8	0.00010674445458831361	0.000016320634433478358	0.0007883357812986868	0.18234516237880397
30.900000000000002	0.00010914208521118875	0.00001672407343398608	0.0008036696796340774	0.18299682692730487
31.	0.00011158071126096264	0.00001713533790887234	0.000819215371006724	0.18364872198702045
31.1	0.00011406080027044601	0.000017554535610995153	0.0008349744620388533	0.1843008463580392
31.200000000000003	0.00011658282213526556	0.000017981775107390004	0.0008509485588453828	0.18495319884517852
31.3	0.00011914724910560195	0.000018417165779001316	0.0008671392669882503	0.18560577825798039
31.400000000000002	0.00012175455577796038	0.000018860817820390736	0.0008835481914316778	0.18625858341070647
31.5	0.00012440521908697817	0.000019312842239423004	0.0009001769364983795	0.18691161312233304
31.6	0.00012709971829727058	0.000019773350856930032	0.0009170271058267021	0.18756486621654608
31.700000000000003	0.00012983853499531315	0.000020242456306353163	0.0009341003023286675	0.18821834152173567
31.8	0.00013262215308136523	0.000020720272033364776	0.000951398128148938	0.1888720378709907
31.900000000000002	0.0001354510587614324	0.000021206912295469112	0.0009689221846246604	0.18952595410209291
32.	0.00013832574053927022	0.000021702492161582918	0.0009866740722461974	0.19018008905751146
32.1	0.0001412466892084297	0.000022207127511596638	0.0010046553906187287	0.19083444158439658
32.2	0.0001442143978443452	0.000022720935035916095	0.0010228677384247066	0.19148901053457346
32.3	0.0001472293617964648	0.000023244032234985385	0.0010413127133871557	0.19214379476453589
32.400000000000006	0.0001502920786804275	0.000023776537418791822	0.001059991912233826	0.19279879313543996
32.5	0.00015340304837028034	0.000024318569706352172	0.0010789069306621415	0.19345400451309694
32.6	0.0001565627729907459	0.00002487024902518205	0.0010980593633049872	0.194109427767967
32.7	0.00015977175690953178	0.00002543169611074772	0.0011174508036972829	0.19476506177515188
32.8	0.0001630305067296872	0.000026003032505901127	0.001137082844243341	0.19542090541438784
32.900000000000006	0.00016633953128200997	0.00002658438056029923	0.0011569570761850337	0.19607695757003854
33.	0.00016969934161749519	0.00002717586342980636	0.0011770750895706847	0.19673321713108727
33.1	0.00017311045099983747	0.00002777760507588199	0.0011974384732247568	0.19738968299112986
33.2	0.0001765733748979777	0.00002838973026495264	0.0012180488147182577	0.19804635404836662
33.300000000000004	0.00018008863097870086	0.00002901236456776937	0.001238907700339897	0.19870322920559463
33.4	0.00018365673909928246	0.000029645634358750633	0.001260016715067962	0.1993603073701997
33.5	0.00018727822130018456	0.0000302896668153112	0.0012813774425429047	0.2000175874541485
33.6	0.00019095360179780175	0.00003094458991717714	0.0013029914650406348	0.20067506837397997
33.7	0.00019468340697725834	0.00003161053244568782	0.0013248603634465066	0.20133274905079712
33.800000000000004	0.00019846816538525428	0.000032287623983084343	0.0013469857172299768	0.20199062841025864
33.9	0.00020230840772296512	0.000032975994911785974	0.0013693691044199526	0.2026487053825701
34.	0.00020620466683899007	0.0000336757764136537	0.0013920121015807826	0.20330697890247532
34.1	0.00021015747772235382	0.000034387100469242044	0.0014149162837889112	0.20396544790924737
34.2	0.00021416737749555814	0.00003511009985703906	0.0014380832246101588	0.20462411134667977
34.300000000000004	0.00021823490540768764	0.000035844908152695187	0.0014615144960776541	0.20528296816307726
34.4	0.00022236060282756524	0.00003659165972824083	0.0014852116686703643	0.20594201731124656
34.5	0.00022654501323696318	0.000037350489751293644	0.0015091763112922627	0.2066012577484873
34.6	0.00023078868222386133	0.00003812153418425462	0.0015334099912520602	0.20726068843658219
34.7	0.0002350921574757632	0.00003890492978349482	0.001557914274243562	0.20792030834178776
34.800000000000004	0.00023945598877306225	0.00003970081409853207	0.0015826907243265964	0.20858011643482469
34.9	0.00024388072798245928	0.000040509325471197785	0.0016077409039084974	0.2092401116908678
35.	0.0002483669290504386	0.00004133060303479539	0.0016330663737261903	0.20990029308953673
35.1	0.0002529151479967882	0.000042164786713248635	0.001658668692828783	0.21056065961488538
35.2	0.00025752594290818056	0.000043012017220242194	0.001684549418560733	0.21122121025539214
35.300000000000004	0.0002621998739318025	0.00004387243605835345	0.0017107101065455457	0.21188194400394983
35.4	0.0002669375032690389	0.00004474618551817617	0.001737152310669987	0.21254285985785526
35.5	0.0002717393951692105	0.00004563340867743657	0.0017638775830688303	0.2132039568187991
35.6	0.0002766061159233624	0.000046534249400101305	0.0017908874741100953	0.2138652338928552
35.7	0.0002815382338581064	0.00004744885233547843	0.001818183532380792	0.21452669009047032
35.800000000000004	0.0002865363193295187	0.00004837736291731146	0.0018457673046731724	0.2151883244264534
35.9	0.00029160094471708455	0.000049319927362865725	0.0018736403359714262	0.21585013591996474
36.	0.0002967326844177043	0.000050276692672009585	0.0019018041694389043	0.21651212359450572
36.1	0.00030193211483974284	0.000051247806626287634	0.0019302603464057568	0.21717428647790737
36.2	0.00030719981439713824	0.00005223341778798885	0.0019590104063570597	0.21783662360231976
36.300000000000004	0.00031253636350355953	0.00005323367549920841	0.0019880558869213804	0.2184991340042008
36.4	0.00031794234456661925	0.00005424872988090403	0.00201739832385979	0.2191618167243054
36.5	0.0003234183419821373	0.000055278731831946845	0.0020470392510553094	0.21982467080767426
36.6	0.0003289649421284547	0.00005632383302816661	0.0020769802005027697	0.22048769530362233
36.7	0.00033458273336080355	0.00005738418592139256	0.002107222702299109	0.22115088926572793
36.800000000000004	0.0003402723060057258	0.000058459943738488857	0.0021377682846340637	0.22181425175182107
36.9	0.0003460342523555436	0.000059551260480385646	0.0021686184737812696	0.22247778182397215
37.	0.00035186916666288655	0.00006065829092110632	0.0021997747940897786	0.22314147854848052
37.1	0.00035777764513525987	0.00006178119060678898	0.0022312387679759103	0.22380534099586274
37.2	0.000363760285929674	0.00006292011585470558	0.0022630119159155406	0.22446936824084096
37.300000000000004	0.0003698176891473207	0.00006407522375227642	0.002295095756436743	0.22513355936233137
37.4	0.0003759504568282994	0.00006524667215608095	0.0023274918061127873	0.22579791344343234
37.5	0.0003821591929463954	0.00006643461969086548	0.0023602015795555083	0.22646242957141263
37.6	0.0003884445034039098	0.00006763922574854752	0.002393226589409038	0.2271271068376995
37.7	0.00039480699602653603	0.00006886065048721656	0.002426568346343857	0.22779194433786681
37.800000000000004	0.00040124728055828925	0.00007009905483013259	0.002460228359051207	0.228456941171623
37.9	0.0004077659686564845	0.0000713546004647216	0.002494208134237836	0.22912209644279902
38.	0.0004143636738867658	0.00007262744984156856	0.0025285091766210624	0.2297874092593365
38.1	0.00042104101171818164	0.00007391776617340768	0.002563132988924162	0.23045287873327527
38.2	0.00042779859951831104	0.00007522571343411068	0.0025980810718720625	0.2311185039807413
38.300000000000004	0.000434637056548439	0.00007655145635767308	0.00263335492418736	0.23178428412193464
38.4	0.00044155700395878043	0.0000778951604371982	0.0026689560425866296	0.23245021828111675
38.5	0.0004485590647837515	0.00007925699192387984	0.0027048859217770303	0.2331163055865988
38.6	0.00045564386393728883	0.00008063711782598267	0.0027411460544531983	0.2337825451707286
38.7	0.0004628120282082167	0.00008203570590782168	0.0027777379312944276	0.23444893616987875
38.800000000000004	0.0004700641862556631	0.00008345292468874001	0.002814663040962132	0.23511547772443386
38.9	0.0004774009686045201	0.00008488894344208546	0.0028519228700975654	0.23578216897877816
39.	0.0004848230076409563	0.0000863439321941867	0.0028895189033198397	0.23644900908128325
39.1	0.0004923309376079676	0.000087818061723327	0.002927452623224155	0.237115997184295
39.2	0.0004999253946009827	0.00008931150355871863	0.0029657255103803333	0.23778313244412144
39.300000000000004	0.0005076070165635092	0.00009082442997947585	0.003004339043331577	0.23845041402101985
39.400000000000006	0.0005153764432828295	0.00009235701401358745	0.0030432946985934793	0.23911784107918427
39.5	0.0005232343163857365	0.00009390942943688864	0.0030825939506532642	0.23978541278673268
39.6	0.0005311812793343231	0.0000954818507720336	0.0031222382719692976	0.24045312831569443
39.7	0.0005392179774218077	0.00009707445328746625	0.003162229132970775	0.2411209868419973
39.800000000000004	0.0005473450577684086	0.0000986874129963921	0.003202568002057668	0.2417889875454548
39.900000000000006	0.0005555631693172639	0.00010032090665574981	0.0032432563456008924	0.24245712960975355
40.	0.0005638729628303911	0.0001019751117651826	0.003284295627942667	0.24312541222244002
40.1	0.000572275090884697	0.00010365020656601093	0.003325687311397124	0.24379383457490827
40.2	0.0005807702078680224	0.00010534637004020372	0.0033674328562510692	0.24446239586238644
40.300000000000004	0.000589358969975237	0.00010706378190935177	0.0034095337207649965	0.2451310952839243
40.400000000000006	0.0005980420352043737	0.00010880262263364064	0.0034519913611742625	0.2457999320423801
40.5	0.0006068200633528073	0.00011056307341082494	0.0034948072316904845	0.2464689053444077
40.6	0.0006156937160134726	0.00011234531617520286	0.0035379827845030956	0.24713801440044375
40.7	0.0006246636565711254	0.00011414953359659132	0.003581519469781093	0.2478072584246943
40.800000000000004	0.000633730550198649	0.00011597590907930324	0.003625418735674999	0.24847663663512234
40.900000000000006	0.0006428950638533923	0.0001178246267611238	0.003669682028318924	0.24914614825343429
41.	0.0006521578662735612	0.00011969587151229023	0.0037143107918328902	0.24981579250506727
41.1	0.0006615196279746404	0.00012158982893447105	0.003759306468325248	0.25048556861917604
41.2	0.0006709810212458595	0.00012350668535974688	0.0038046704978952953	0.2511554758286198
41.300000000000004	0.0006805427201466995	0.00012544662784959334	0.0038504043186360433	0.25182551336994924
41.400000000000006	0.0006902054005034393	0.00012740984419386484	0.003896509366637152	0.2524956804833934
41.5	0.0006999697399057351	0.00012939652290977903	0.003942987075987976	0.25316597641284655
41.6	0.0007098364177032534	0.00013140685324090578	0.003989838878780833	0.25383640040585514
41.7	0.0007198061150023236	0.00013344102515615384	0.0040370662051143315	0.2545069517136048
41.800000000000004	0.0007298795146626439	0.0001354992293487621	0.0040846704830969	0.25517762959090695
41.900000000000006	0.000740057301294019	0.00013758165723529197	0.004132653138850431	0.25584843329618595
42.	0.0007503401612531359	0.00013968850095462095	0.004181015596514057	0.25651936209146564
42.1	0.0007607287826403788	0.0001418199533669393	0.004229759278248073	0.25719041524235675
42.2	0.0007712238552966774	0.00014397620805274734	0.00427888560423795	0.25786159201804304
42.300000000000004	0.0007818260708003985	0.0001461574593118564	0.0043283959926985315	0.2585328916912688
42.400000000000006	0.0007925361224642645	0.00014836390216239008	0.004378291859878277	0.2592043135383254
42.5	0.0008033547053323206	0.0001505957323397901	0.004428574620063705	0.2598758568390379
42.6	0.0008142825161769236	0.00015285314629582172	0.0044792456855838655	0.2605475208767527
42.7	0.0008253202534957789	0.00015513634119758353	0.004530306466814998	0.2612193049383234
42.800000000000004	0.0008364686175090047	0.00015744551492651864	0.004581758372185251	0.26189120831409823
42.900000000000006	0.0008477283101562317	0.0001597808660774282	0.004633602808179513	0.2625632302979069
43.	0.0008591000350937442	0.00016214259395748865	0.0046858411793443775	0.26323537018704724
43.1	0.0008705844976916468	0.00016453089858526975	0.00473847488829317	0.26390762728227213
43.2	0.0008821824050310703	0.00016694598068975637	0.004791505335711091	0.26458000088777645
43.300000000000004	0.0008938944659014083	0.00016938804170937226	0.004844933920360439	0.26525249031118386
43.400000000000006	0.0009057213907975902	0.00017185728379100708	0.00489876203908595	0.26592509486353355
43.5	0.0009176638919173833	0.00017435390978904556	0.004952991086820194	0.2665978138592674
43.6	0.0009297226831587363	0.00017687812326440085	0.005007622456589106	0.2672706466162167
43.7	0.0009418984801171398	0.0001794301284835476	0.005062657539517521	0.26794359245558885
43.800000000000004	0.0009541920000830349	0.00018201013041756146	0.005118097724834877	0.2686166507019546
43.900000000000006	0.0009666039620392432	0.00018461833474115897	0.005173944399880943	0.26928982068323476
44.	0.0009791350866584334	0.0001872549478317417	0.005230198950111625	0.26996310173068705
44.1	0.0009917860963006189	0.00018992017676844306	0.005286862759104894	0.2706364931788932
44.2	0.0010045577150106818	0.00019261422933117744	0.005343937208566716	0.27130999436574577
44.300000000000004	0.001017450668515936	0.00019533731399969353	0.005401423678337105	0.27198360463243504
44.400000000000006	0.0010304656842237084	0.00019808963995262928	0.005459323546396203	0.272657323323436
44.5	0.0010436034912189643	0.0002008714170665718	0.005517638188870478	0.2733311497864954
44.6	0.0010568648202619537	0.00020368285591511914	0.0055763689800389345	0.2740050833726188
44.7	0.0010702504037858858	0.00020652416776794497	0.005635517292339391	0.27467912343605716
44.800000000000004	0.0010837609758946377	0.00020939556458986712	0.00569508449637484	0.27535326933429416
44.900000000000006	0.0010973972723604924	0.00021229725903991977	0.00575507196091985	0.27602752042803325
45.	0.0011111600306219027	0.00021522946447042837	0.005815481052927044	0.27670187608118446
45.1	0.0011250499897812799	0.00021819239492608663	0.005876313137533556	0.27737633566085174
45.2	0.0011390678906028214	0.0002211862651430401	0.005937569578067666	0.2780508985373196
45.300000000000004	0.0011532144755103536	0.00022421129054796875	0.005999251736055342	0.2787255640840407
45.400000000000006	0.0011674904885852111	0.00022726768725717694	0.006061360971226942	0.27940033167762246
45.5	0.0011818966755641385	0.00023035567207568375	0.00612389864152389	0.2800752006978145
45.6	0.0011964337838372265	0.0002334754624963196	0.006186866103105452	0.2807501705274957
45.7	0.0012111025624458604	0.000236627276698823	0.006250264710355494	0.28142524055266116
45.800000000000004	0.0012259037620807078	0.00023981133354894266	0.006314095815889302	0.28210041016240966
45.900000000000006	0.001240838135079733	0.00024302785259754434	0.006378360770560498	0.2827756787489306
46.	0.0012559064354262233	0.00024627705407971763	0.006443060923467871	0.2834510457074913
46.1	0.0012711094187468593	0.00024955915891389024	0.006508197621962385	0.28412651043642423
46.2	0.001286447842309798	0.0002528743887009427	0.006573772211654095	0.2848020723371143
46.300000000000004	0.0013019224650227803	0.0002562229657233271	0.006639786036419158	0.285477730813986
46.400000000000006	0.001317534047431277	0.0002596051129441923	0.006706240438406897	0.28615348527449086
46.5	0.001333283351716642	0.00026302105400650825	0.00677313675804683	0.2868293351290944
46.6	0.0013491711416943042	0.00026647101323219795	0.006840476334055769	0.28750527979126417
46.7	0.0013651981828119728	0.0002699552156212695	0.00690826050344494	0.2881813186774562
46.800000000000004	0.0013813652421478726	0.0002734738868509545	0.006976490601527104	0.28885745120710316
46.900000000000006	0.0013976730884090005	0.0002770272532748486	0.007045167961923738	0.2895336768026011
47.	0.0014141224919294055	0.0002806155419220559	0.007114293916572198	0.2902099948892975
47.1	0.0014307142246685	0.00028423898049633877	0.0071838697957329655	0.29088640489547835
47.2	0.0014474490602093724	0.000287897797375267	0.007253896927996808	0.29156290625235554
47.300000000000004	0.0014643277737571504	0.0002915922216093762	0.007324376640292087	0.2922394983940546
47.400000000000006	0.0014813511421373602	0.0002953224829213244	0.007395310257891949	0.2929161807576023
47.5	0.0014985199437943279	0.0002990888117050569	0.0074666991044216565	0.29359295278291375
47.6	0.0015158349587896006	0.0003028914390249732	0.00753854450186587	0.2942698139127804
47.7	0.0015332969688003674	0.0003067305966150949	0.007610847770575906	0.29494676359285754
47.800000000000004	0.0015509067571179305	0.00031060651687824246	0.007683610229277091	0.2956238012716518
47.900000000000006	0.0015686651086461837	0.0003145194328852108	0.007756833195076077	0.29630092640050876
48.	0.0015865728099001082	0.0003184695783739517	0.007830517983468167	0.29697813843360105
48.1	0.0016046306490043005	0.00032245718774875974	0.007904665908344674	0.2976554368279155
48.2	0.0016228394156915108	0.00032648249607945953	0.00797927828200026	0.2983328210432414
48.300000000000004	0.0016411999013012065	0.00033054573910059926	0.008054356415140296	0.29901029054215766
48.400000000000006	0.0016597128987781563	0.0003346471532106477	0.008129901616888244	0.29968784479002125
48.5	0.0016783792026710282	0.0003387869754711922	0.008205915194792992	0.30036548325495455
48.6	0.0016971996091310162	0.0003429654436061447	0.008282398454836252	0.30104320540783347
48.7	0.0017161749159104824	0.00034718279600094866	0.008359352701439945	0.3017210107222752
48.800000000000004	0.001735305922361615	0.0003514392717017895	0.008436779237473558	0.3023988986746261
48.900000000000006	0.0017545934294351069	0.0003557351104148106	0.008514679364261526	0.3030768687439497
49.	0.0017740382396788537	0.00036007055250533075	0.008593054381590606	0.3037549204120147
49.1	0.001793641157236684	0.00036444583899706965	0.008671905587717304	0.30443305316328284
49.2	0.0018134029878470726	0.00036886121157137024	0.008751234279375178	0.30511126648489717
49.300000000000004	0.0018333245388419115	0.0003733169125664311	0.008831041751782271	0.3057895598666699
49.400000000000006	0.0018534066191452777	0.00037781318497654044	0.008911329298648477	0.3064679328010703
49.5	0.0018736500392722145	0.0003823502724513115	0.008992098212182864	0.30714638478321343
49.6	0.0018940556113275562	0.00038692841929492656	0.009073349783101127	0.3078249153108479
49.7	0.0019146241490047347	0.00039154787046537975	0.00915508530063287	0.30850352388434377
49.800000000000004	0.0019353564675846275	0.00039620887157372573	0.009237306052528978	0.30918221000668145
49.900000000000006	0.001956253383934418	0.0004009116688833334	0.009320013325068986	0.30986097318343936
50.	0.0019773157165064717	0.000405656509309141	0.009403208403068406	0.31053981292278254
50.1	0.001998544285337224	0.0004104436404169164	0.009486892569886066	0.31121872873545087
50.2	0.0020199399120460933	0.0004152733104225204	0.009571067107431424	0.31189772013474737
50.300000000000004	0.0020415034198344047	0.0004201457681911743	0.009655733296171903	0.31257678663652666
50.400000000000006	0.0020632356334843224	0.0004250612632367297	0.00974089241514015	0.31325592775918326
50.5	0.002085137379357826	0.0004300200457209461	0.009826545741941419	0.31393514302364034
50.6	0.002107209485395658	0.00043502236645276524	0.009912694552760748	0.31461443195333766
50.7	0.0021294527811163326	0.0004400684768875962	0.00999934012237032	0.31529379407422065
50.800000000000004	0.002151868097615126	0.0004451586291265997	0.010086483724136662	0.3159732289147285
50.900000000000006	0.0021744562675630992	0.0004502930759159781	0.010174126630027936	0.3166527360057832
51.	0.00219721812520613	0.00045547207064626727	0.010262270110621138	0.31733231488077757
51.1	0.002220154506363971	0.0004606958673516373	0.010350915435109385	0.31801196507556456
51.2	0.0022432662484292896	0.00046596472070918615	0.010440063871309007	0.31869168612844545
51.300000000000004	0.002266554190366765	0.000471278886038249	0.010529716685666846	0.31937147758015877
51.400000000000006	0.0022900191727121817	0.0004766386192997064	0.010619875143267423	0.32005133897386895
51.5	0.0023136620375715108	0.00048204417709528933	0.010710540507839995	0.32073126985515515
51.6	0.002337483628620061	0.0004874958166669027	0.010801714041765855	0.32141126977200035
51.7	0.002361484791101589	0.000492993795895937	0.010893397006085338	0.32209133827477965
51.800000000000004	0.0023856663718274536	0.0004985383733025939	0.01098559066050499	0.3227714749162497
51.900000000000006	0.0024100292191757814	0.0005041298080452113	0.01107829626340466	0.3234516792515372
52.	0.002434574183090632	0.0005097683599195924	0.011171515071844561	0.32413195083812824
52.1	0.002459302115081191	0.0005154542893583387	0.011265248341572345	0.324812289235857
52.2	0.0024842138682209663	0.0005211878574301869	0.011359497327030125	0.32549269400689496
52.300000000000004	0.0025093102971470035	0.0005269693258393486	0.011454263281361515	0.3261731647157398
52.400000000000006	0.002534592258059112	0.0005327989569248548	0.011549547456418636	0.3268537009292049
52.5	0.0025600606087190945	0.0005386770136599001	0.011645351102769057	0.3275343022164078
52.6	0.0025857162084500164	0.0005446037596511995	0.011741675469702853	0.32821496814876006
52.7	0.002611559918135451	0.0005505794591383364	0.01183852180523944	0.32889569829995624
52.800000000000004	0.0026375926002187543	0.0005566043769931222	0.01193589135613453	0.32957649224596275
52.900000000000006	0.0026638151187023647	0.0005626787787189596	0.012033785367887094	0.3302573495650078
53.	0.0026902283391470865	0.0005688029304502041	0.01213220508474614	0.33093826983757013
